 	0
 	0
 	2976
  1.000000e+03 	0.000000e+00 	2.418133e+05 	7.153539e-09 	6.920284e+05 	2.059754e-08 	
  8.620479e+05 	2.597895e-08 	8.628918e+05 	5.137298e-03 	8.633430e+05 	1.559812e-02 	
  8.637941e+05 	3.071198e-02 	8.639043e+05 	2.080327e-02 	8.640145e+05 	2.851991e-02 	
  8.641249e+05 	2.570641e-02 	8.643553e+05 	3.978870e-02 	8.644658e+05 	4.598078e-02 	
  8.645758e+05 	4.475729e-02 	8.646864e+05 	6.833416e-02 	8.648067e+05 	8.055198e-02 	
  8.649168e+05 	1.171733e-01 	8.651373e+05 	2.640933e-01 	8.652576e+05 	4.096592e-01 	
  8.654782e+05 	3.959955e-01 	8.657087e+05 	3.457018e-01 	8.659294e+05 	1.949212e-01 	
  8.660397e+05 	1.710387e-01 	8.661598e+05 	1.322940e-01 	8.662702e+05 	1.173468e-01 	
  8.663804e+05 	1.039763e-01 	8.665008e+05 	9.261433e-02 	8.666109e+05 	9.997533e-02 	
  8.667213e+05 	9.479034e-02 	8.668314e+05 	8.782118e-02 	8.669518e+05 	8.572338e-02 	
  8.670620e+05 	9.291864e-02 	8.671724e+05 	9.134698e-02 	8.672926e+05 	8.113398e-02 	
  8.676235e+05 	1.086402e-01 	8.678540e+05 	8.950164e-02 	8.680845e+05 	1.201603e-01 	
  8.681951e+05 	1.205428e-01 	8.684255e+05 	1.260388e-01 	8.687662e+05 	2.243294e-01 	
  8.688766e+05 	3.204585e-01 	8.691072e+05 	7.609872e-01 	8.692174e+05 	7.340719e-01 	
  8.694479e+05 	3.441421e-01 	8.695582e+05 	2.654372e-01 	8.696684e+05 	2.241739e-01 	
  8.698992e+05 	2.111783e-01 	8.701296e+05 	2.552703e-01 	8.702398e+05 	2.661512e-01 	
  8.705808e+05 	3.357645e-01 	8.708113e+05 	3.927859e-01 	8.709215e+05 	4.544551e-01 	
  8.711522e+05 	5.281560e-01 	8.712624e+05 	5.940378e-01 	8.714930e+05 	7.239416e-01 	
  8.726357e+05 	1.743563e+00 	8.732073e+05 	1.733286e+00 	8.733175e+05 	1.686936e+00 	
  8.740091e+05 	9.370740e-01 	8.742299e+05 	7.830523e-01 	8.745805e+05 	6.173117e-01 	
  8.750417e+05 	4.343517e-01 	8.753825e+05 	3.365150e-01 	8.756131e+05 	3.091552e-01 	
  8.758436e+05 	2.437893e-01 	8.760742e+05 	2.372554e-01 	8.761846e+05 	2.205631e-01 	
  8.763048e+05 	2.300806e-01 	8.764152e+05 	2.062211e-01 	8.765253e+05 	2.014645e-01 	
  8.766457e+05 	1.676591e-01 	8.767557e+05 	1.757902e-01 	8.769865e+05 	2.534224e-01 	
  8.772169e+05 	1.552491e-01 	8.774477e+05 	9.973903e-02 	8.776782e+05 	1.188861e-01 	
  8.777986e+05 	2.051900e-01 	8.779087e+05 	3.700339e-01 	8.780291e+05 	6.164897e-01 	
  8.781393e+05 	5.583591e-01 	8.782596e+05 	3.803470e-01 	8.783698e+05 	2.664113e-01 	
  8.784902e+05 	2.135140e-01 	8.791819e+05 	1.298400e-01 	8.792920e+05 	1.197140e-01 	
  8.794123e+05 	8.869838e-02 	8.797633e+05 	8.817478e-02 	8.798737e+05 	7.375521e-02 	
  8.799935e+05 	8.769962e-02 	8.801043e+05 	6.815210e-02 	8.802244e+05 	9.179238e-02 	
  8.803347e+05 	6.628839e-02 	8.804548e+05 	8.555082e-02 	8.806853e+05 	6.816944e-02 	
  8.809161e+05 	6.921494e-02 	8.810366e+05 	6.545097e-02 	8.811467e+05 	5.969714e-02 	
  8.813771e+05 	8.269449e-02 	8.816076e+05 	5.225761e-02 	8.817282e+05 	4.773042e-02 	
  8.818483e+05 	4.569008e-02 	8.819586e+05 	4.843567e-02 	8.820790e+05 	5.107177e-02 	
  8.821893e+05 	5.453382e-02 	8.823095e+05 	4.499257e-02 	8.824299e+05 	5.570461e-02 	
  8.825401e+05 	3.846066e-02 	8.826604e+05 	3.517601e-02 	8.827706e+05 	5.076118e-02 	
  8.830111e+05 	5.417826e-02 	8.831215e+05 	6.122689e-02 	8.833522e+05 	5.087050e-02 	
  8.834723e+05 	4.457888e-02 	8.837029e+05 	5.461482e-02 	8.839334e+05 	7.452598e-02 	
  8.840537e+05 	1.005210e-01 	8.842843e+05 	1.902564e-01 	8.845247e+05 	2.453602e-01 	
  8.846352e+05 	2.946508e-01 	8.851065e+05 	2.852192e-01 	8.853371e+05 	2.624010e-01 	
  8.855677e+05 	2.746928e-01 	8.856878e+05 	2.304716e-01 	8.859183e+05 	1.597235e-01 	
  8.860387e+05 	1.646459e-01 	8.862692e+05 	1.452965e-01 	8.865099e+05 	1.455523e-01 	
  8.867404e+05 	1.239351e-01 	8.868608e+05 	1.219920e-01 	8.870913e+05 	1.431264e-01 	
  8.873219e+05 	1.178194e-01 	8.874420e+05 	1.212933e-01 	8.875624e+05 	1.125528e-01 	
  8.876726e+05 	1.239529e-01 	8.877930e+05 	1.144721e-01 	8.879133e+05 	1.296768e-01 	
  8.880236e+05 	1.078522e-01 	8.881439e+05 	1.120164e-01 	8.884947e+05 	1.235365e-01 	
  8.887352e+05 	1.418828e-01 	8.894370e+05 	2.079933e-01 	8.897880e+05 	3.241560e-01 	
  8.899080e+05 	3.280184e-01 	8.902592e+05 	6.120825e-01 	8.906099e+05 	1.067166e+00 	
  8.907303e+05 	1.133875e+00 	8.908504e+05 	1.055496e+00 	8.912013e+05 	4.768730e-01 	
  8.914420e+05 	2.182970e-01 	8.916725e+05 	1.059508e-01 	8.919130e+05 	7.330897e-02 	
  8.920334e+05 	5.969485e-02 	8.921435e+05 	5.728323e-02 	8.922640e+05 	4.695514e-02 	
  8.923841e+05 	4.203678e-02 	8.925045e+05 	3.798534e-02 	8.926149e+05 	2.872595e-02 	
  8.927351e+05 	2.634298e-02 	8.928555e+05 	3.062596e-02 	8.929758e+05 	2.691009e-02 	
  8.930960e+05 	1.342026e-02 	8.932063e+05 	1.718448e-02 	8.933267e+05 	3.747661e-02 	
  8.934469e+05 	1.644141e-02 	8.935671e+05 	1.613966e-02 	8.937979e+05 	2.322398e-02 	
  8.939180e+05 	1.745181e-02 	8.940384e+05 	2.666198e-02 	8.941586e+05 	1.261547e-02 	
  8.942789e+05 	1.237552e-02 	8.943993e+05 	1.340521e-02 	8.945096e+05 	3.216250e-02 	
  8.947502e+05 	2.172977e-02 	8.948703e+05 	2.024397e-02 	8.949906e+05 	2.707729e-02 	
  8.954618e+05 	4.240966e-03 	8.955820e+05 	2.044125e-02 	8.957024e+05 	1.141426e-02 	
  8.958226e+05 	8.490374e-03 	8.959430e+05 	1.215835e-02 	8.960533e+05 	2.532204e-02 	
  8.961737e+05 	1.401305e-02 	8.962939e+05 	2.017104e-02 	8.964143e+05 	2.037521e-02 	
  8.965345e+05 	2.983945e-02 	8.967752e+05 	3.379867e-02 	8.968851e+05 	3.957501e-02 	
  8.970057e+05 	4.059110e-02 	8.971260e+05 	5.466710e-02 	8.972463e+05 	5.183856e-02 	
  8.973665e+05 	6.468103e-02 	8.974867e+05 	4.314323e-02 	8.976071e+05 	4.760938e-02 	
  8.977274e+05 	3.372497e-02 	8.978477e+05 	2.425079e-02 	8.979579e+05 	2.362808e-02 	
  8.980783e+05 	3.404525e-02 	8.981985e+05 	3.223526e-02 	8.983190e+05 	3.142487e-02 	
  8.984388e+05 	6.622616e-02 	8.985594e+05 	1.281562e-01 	8.986799e+05 	2.085611e-01 	
  8.988002e+05 	2.035351e-01 	8.989202e+05 	1.154300e-01 	8.990404e+05 	6.103020e-02 	
  8.991508e+05 	4.139495e-02 	8.992711e+05 	3.314799e-02 	8.993914e+05 	3.018115e-02 	
  8.995117e+05 	2.588755e-02 	8.997523e+05 	3.065741e-02 	8.998727e+05 	4.217881e-02 	
  8.999928e+05 	4.495092e-02 	9.001131e+05 	4.268329e-02 	9.002337e+05 	4.915341e-02 	
  9.005943e+05 	4.864630e-02 	9.007147e+05 	5.947300e-02 	9.008348e+05 	5.426751e-02 	
  9.009553e+05 	5.504611e-02 	9.010756e+05 	5.980518e-02 	9.011858e+05 	6.379321e-02 	
  9.014265e+05 	9.259478e-02 	9.017873e+05 	1.366766e-01 	9.020280e+05 	2.079066e-01 	
  9.021482e+05 	2.182979e-01 	9.029902e+05 	8.565450e-01 	9.032310e+05 	8.180009e-01 	
  9.033510e+05 	6.257615e-01 	9.034714e+05 	4.348557e-01 	9.037120e+05 	2.137665e-01 	
  9.038323e+05 	1.712614e-01 	9.041932e+05 	1.090134e-01 	9.043136e+05 	9.285998e-02 	
  9.044339e+05 	8.668218e-02 	9.045541e+05 	8.774213e-02 	9.046744e+05 	8.832354e-02 	
  9.047948e+05 	1.080163e-01 	9.049150e+05 	1.578756e-01 	9.051557e+05 	1.715189e-01 	
  9.052858e+05 	1.309008e-01 	9.054060e+05 	1.237982e-01 	9.056468e+05 	2.210102e-01 	
  9.057671e+05 	1.645591e-01 	9.060076e+05 	8.516068e-02 	9.061279e+05 	7.578790e-02 	
  9.063685e+05 	6.438687e-02 	9.064889e+05 	7.978562e-02 	9.066092e+05 	8.804473e-02 	
  9.067295e+05 	1.144907e-01 	9.068499e+05 	9.054713e-02 	9.072206e+05 	5.316039e-02 	
  9.074614e+05 	4.181816e-02 	9.075814e+05 	4.162326e-02 	9.077018e+05 	4.598342e-02 	
  9.078221e+05 	4.433408e-02 	9.079424e+05 	4.829983e-02 	9.081830e+05 	4.952247e-02 	
  9.084236e+05 	6.831495e-02 	9.086741e+05 	7.960849e-02 	9.087946e+05 	1.032427e-01 	
  9.089149e+05 	1.246908e-01 	9.091555e+05 	7.884791e-02 	9.092756e+05 	5.211276e-02 	
  9.093960e+05 	3.962295e-02 	9.095162e+05 	2.635692e-02 	9.096467e+05 	3.418754e-02 	
  9.097670e+05 	3.972070e-02 	9.098872e+05 	2.877967e-02 	9.100075e+05 	1.909162e-02 	
  9.101276e+05 	3.723394e-02 	9.102480e+05 	4.383623e-02 	9.104986e+05 	5.303493e-02 	
  9.106190e+05 	8.216393e-02 	9.111002e+05 	1.670046e-01 	9.112206e+05 	1.663918e-01 	
  9.115914e+05 	1.436440e-01 	9.118320e+05 	1.235067e-01 	9.122029e+05 	1.075701e-01 	
  9.125639e+05 	1.142383e-01 	9.128145e+05 	1.687853e-01 	9.130548e+05 	9.489403e-02 	
  9.133057e+05 	1.080647e-01 	9.134256e+05 	1.074256e-01 	9.135463e+05 	1.143463e-01 	
  9.139170e+05 	1.125893e-01 	9.143983e+05 	1.519936e-01 	9.146489e+05 	1.978477e-01 	
  9.148895e+05 	2.099458e-01 	9.150198e+05 	1.961995e-01 	9.153807e+05 	2.875771e-01 	
  9.160021e+05 	5.906769e-01 	9.162428e+05 	7.092808e-01 	9.164934e+05 	6.958840e-01 	
  9.168543e+05 	4.282461e-01 	9.171049e+05 	2.559597e-01 	9.173555e+05 	1.607027e-01 	
  9.175962e+05 	1.909100e-01 	9.177164e+05 	2.878168e-01 	9.178469e+05 	3.107558e-01 	
  9.180873e+05 	1.002796e-01 	9.182177e+05 	6.698709e-02 	9.184584e+05 	4.183958e-02 	
  9.185884e+05 	2.785011e-02 	9.187086e+05 	1.736766e-02 	9.188292e+05 	3.979040e-02 	
  9.190799e+05 	2.529697e-02 	9.191999e+05 	2.085393e-02 	9.193203e+05 	2.715116e-02 	
  9.194507e+05 	3.799180e-02 	9.195710e+05 	2.859574e-02 	9.196911e+05 	2.851039e-02 	
  9.198216e+05 	3.421100e-02 	9.199419e+05 	3.023623e-02 	9.200622e+05 	2.142386e-02 	
  9.201925e+05 	2.078270e-02 	9.204329e+05 	3.612044e-02 	9.205635e+05 	2.457268e-02 	
  9.206838e+05 	2.542906e-02 	9.208040e+05 	3.944318e-02 	9.209344e+05 	3.237313e-02 	
  9.211848e+05 	3.214456e-02 	9.213052e+05 	2.792534e-02 	9.214256e+05 	2.729430e-02 	
  9.215558e+05 	2.465428e-02 	9.216762e+05 	2.981820e-02 	9.217964e+05 	3.293388e-02 	
  9.220470e+05 	4.258053e-02 	9.221773e+05 	4.029632e-02 	9.222977e+05 	3.546059e-02 	
  9.224180e+05 	3.999516e-02 	9.225482e+05 	2.196701e-02 	9.227888e+05 	3.613098e-02 	
  9.230394e+05 	2.169781e-02 	9.231698e+05 	2.784434e-02 	9.232902e+05 	3.179913e-02 	
  9.234105e+05 	2.522896e-02 	9.235407e+05 	4.048078e-02 	9.239116e+05 	4.890946e-02 	
  9.244127e+05 	8.138166e-02 	9.246634e+05 	1.152702e-01 	9.247838e+05 	1.279199e-01 	
  9.250343e+05 	1.239368e-01 	9.252851e+05 	1.312621e-01 	9.255358e+05 	1.395029e-01 	
  9.256559e+05 	1.676863e-01 	9.259065e+05 	3.325863e-01 	9.260368e+05 	4.406706e-01 	
  9.261571e+05 	4.951930e-01 	9.262774e+05 	4.293231e-01 	9.264076e+05 	3.683161e-01 	
  9.265280e+05 	3.389503e-01 	9.267786e+05 	5.172233e-01 	9.269089e+05 	7.250943e-01 	
  9.271596e+05 	7.664152e-01 	9.274101e+05 	4.237905e-01 	9.276608e+05 	1.641044e-01 	
  9.277811e+05 	1.234702e-01 	9.279116e+05 	8.335189e-02 	9.280317e+05 	6.926296e-02 	
  9.281620e+05 	4.373006e-02 	9.282824e+05 	3.221138e-02 	9.285330e+05 	3.551983e-02 	
  9.286633e+05 	4.374519e-02 	9.289137e+05 	3.242898e-02 	9.290342e+05 	4.720410e-02 	
  9.291647e+05 	3.797395e-02 	9.292849e+05 	4.393534e-02 	9.294151e+05 	2.855595e-02 	
  9.295355e+05 	5.190902e-02 	9.296659e+05 	5.258715e-02 	9.297860e+05 	4.303077e-02 	
  9.299164e+05 	4.856622e-02 	9.300364e+05 	6.330437e-02 	9.301668e+05 	6.544493e-02 	
  9.302974e+05 	5.874710e-02 	9.304176e+05 	7.107907e-02 	9.305479e+05 	7.045339e-02 	
  9.306682e+05 	7.206585e-02 	9.307986e+05 	7.115855e-02 	9.310492e+05 	8.166889e-02 	
  9.311693e+05 	1.044650e-01 	9.314302e+05 	1.097010e-01 	9.316808e+05 	1.530085e-01 	
  9.318010e+05 	1.665558e-01 	9.321820e+05 	2.228734e-01 	9.323123e+05 	2.318851e-01 	
  9.324327e+05 	2.696455e-01 	9.325628e+05 	2.877173e-01 	9.328135e+05 	3.572244e-01 	
  9.330638e+05 	4.206829e-01 	9.331944e+05 	4.697780e-01 	9.338260e+05 	1.482468e+00 	
  9.340768e+05 	1.757511e+00 	9.344576e+05 	1.731977e+00 	9.350889e+05 	1.452021e+00 	
  9.354700e+05 	1.253520e+00 	9.356003e+05 	1.077715e+00 	9.359813e+05 	7.477705e-01 	
  9.362318e+05 	5.896357e-01 	9.364823e+05 	3.946627e-01 	9.367432e+05 	2.919742e-01 	
  9.368634e+05 	2.565657e-01 	9.371242e+05 	2.094757e-01 	9.373747e+05 	1.960134e-01 	
  9.376253e+05 	1.521381e-01 	9.378859e+05 	1.370183e-01 	9.380163e+05 	1.425875e-01 	
  9.383974e+05 	1.085731e-01 	9.385175e+05 	1.032011e-01 	9.387781e+05 	1.010123e-01 	
  9.389084e+05 	1.062024e-01 	9.391592e+05 	8.261188e-02 	9.392894e+05 	7.486030e-02 	
  9.394095e+05 	7.996438e-02 	9.395399e+05 	1.009137e-01 	9.396704e+05 	1.049266e-01 	
  9.398005e+05 	5.809889e-02 	9.399209e+05 	5.981215e-02 	9.400515e+05 	5.922964e-02 	
  9.403117e+05 	4.397342e-02 	9.404323e+05 	4.278852e-02 	9.405625e+05 	5.358947e-02 	
  9.406927e+05 	4.199776e-02 	9.408232e+05 	4.117029e-02 	9.409433e+05 	3.265601e-02 	
  9.410738e+05 	2.389268e-02 	9.412041e+05 	3.619184e-02 	9.413343e+05 	4.551583e-02 	
  9.414547e+05 	3.511149e-02 	9.415850e+05 	5.385791e-02 	9.417153e+05 	5.475644e-02 	
  9.418455e+05 	6.675401e-02 	9.419760e+05 	7.066121e-02 	9.420963e+05 	8.286509e-02 	
  9.422267e+05 	1.152345e-01 	9.423568e+05 	1.773763e-01 	9.424871e+05 	2.557888e-01 	
  9.427378e+05 	1.764804e-01 	9.429982e+05 	1.257507e-01 	9.432591e+05 	9.289059e-02 	
  9.433795e+05 	7.857682e-02 	9.435099e+05 	8.638468e-02 	9.436401e+05 	6.724566e-02 	
  9.437701e+05 	8.330903e-02 	9.439007e+05 	9.711423e-02 	9.440208e+05 	1.226618e-01 	
  9.441514e+05 	1.561102e-01 	9.446727e+05 	5.068176e-01 	9.450536e+05 	2.840810e-01 	
  9.451838e+05 	2.085144e-01 	9.453142e+05 	1.576529e-01 	9.454445e+05 	1.485605e-01 	
  9.458254e+05 	1.038318e-01 	9.462164e+05 	1.232296e-01 	9.463467e+05 	1.504117e-01 	
  9.464770e+05 	1.716762e-01 	9.467277e+05 	2.488324e-01 	9.469883e+05 	3.931148e-01 	
  9.475096e+05 	1.070634e+00 	9.476398e+05 	1.274873e+00 	9.477602e+05 	1.172558e+00 	
  9.480207e+05 	7.366636e-01 	9.481512e+05 	5.357371e-01 	9.482814e+05 	3.939572e-01 	
  9.484118e+05 	3.113797e-01 	9.486723e+05 	2.198916e-01 	9.489329e+05 	1.568964e-01 	
  9.493138e+05 	1.351084e-01 	9.497049e+05 	1.176553e-01 	9.499655e+05 	1.365287e-01 	
  9.502262e+05 	9.014763e-02 	9.503565e+05 	9.367853e-02 	9.508780e+05 	9.212814e-02 	
  9.510081e+05 	9.901398e-02 	9.512689e+05 	6.313234e-02 	9.513990e+05 	6.069896e-02 	
  9.515295e+05 	5.671944e-02 	9.516597e+05 	4.231601e-02 	9.519204e+05 	3.863304e-02 	
  9.524417e+05 	4.320332e-02 	9.527023e+05 	3.286018e-02 	9.528326e+05 	2.901487e-02 	
  9.529631e+05 	4.059204e-02 	9.532236e+05 	3.957153e-02 	9.533539e+05 	3.014180e-02 	
  9.534842e+05 	3.639788e-02 	9.536146e+05 	4.360784e-02 	9.537448e+05 	3.164374e-02 	
  9.538752e+05 	2.996525e-02 	9.540056e+05 	3.491608e-02 	9.541359e+05 	3.394606e-02 	
  9.542662e+05 	3.556259e-02 	9.543962e+05 	2.864384e-02 	9.545267e+05 	3.094726e-02 	
  9.546572e+05 	2.865778e-02 	9.549177e+05 	3.770824e-02 	9.550482e+05 	2.787850e-02 	
  9.551784e+05 	3.797140e-02 	9.553087e+05 	2.901240e-02 	9.554392e+05 	3.373356e-02 	
  9.555693e+05 	3.485360e-02 	9.558299e+05 	3.060258e-02 	9.560905e+05 	4.509126e-02 	
  9.562308e+05 	3.345628e-02 	9.563612e+05 	4.435720e-02 	9.564916e+05 	4.948473e-02 	
  9.566217e+05 	3.488658e-02 	9.567522e+05 	3.291934e-02 	9.568827e+05 	5.466999e-02 	
  9.571432e+05 	7.164518e-02 	9.574039e+05 	5.917949e-02 	9.578049e+05 	7.804814e-02 	
  9.579351e+05 	8.098089e-02 	9.580654e+05 	9.269083e-02 	9.581958e+05 	1.006868e-01 	
  9.584564e+05 	1.358581e-01 	9.587172e+05 	2.579631e-01 	9.591180e+05 	6.278806e-01 	
  9.592484e+05 	6.973298e-01 	9.596393e+05 	1.848827e-01 	9.597697e+05 	1.109012e-01 	
  9.599100e+05 	5.971414e-02 	9.600405e+05 	4.569714e-02 	9.601706e+05 	5.448180e-02 	
  9.607020e+05 	9.217743e-02 	9.608322e+05 	1.062517e-01 	9.609627e+05 	1.500488e-01 	
  9.612233e+05 	2.389494e-01 	9.613535e+05 	2.982378e-01 	9.617545e+05 	7.054737e-01 	
  9.618849e+05 	7.978449e-01 	9.621556e+05 	8.342486e-01 	9.626768e+05 	6.730853e-01 	
  9.634789e+05 	2.337126e-01 	9.637394e+05 	1.770083e-01 	9.640100e+05 	1.926712e-01 	
  9.641405e+05 	1.352869e-01 	9.642708e+05 	1.140224e-01 	9.646717e+05 	9.553663e-02 	
  9.648021e+05 	7.580516e-02 	9.649323e+05 	7.379389e-02 	9.650627e+05 	9.294583e-02 	
  9.652029e+05 	6.345279e-02 	9.654637e+05 	7.098098e-02 	9.656038e+05 	8.843913e-02 	
  9.658647e+05 	6.219776e-02 	9.659948e+05 	5.434673e-02 	9.661354e+05 	7.181678e-02 	
  9.663959e+05 	6.787763e-02 	9.665262e+05 	7.643381e-02 	9.666666e+05 	7.675690e-02 	
  9.667969e+05 	6.699134e-02 	9.670675e+05 	9.578143e-02 	9.673284e+05 	1.389002e-01 	
  9.677292e+05 	8.971158e-02 	9.678596e+05 	9.642743e-02 	9.679998e+05 	8.983823e-02 	
  9.682604e+05 	1.011823e-01 	9.685310e+05 	1.310836e-01 	9.686614e+05 	1.997330e-01 	
  9.690623e+05 	5.201303e-01 	9.694635e+05 	3.598560e-01 	9.696037e+05 	3.175073e-01 	
  9.697340e+05 	3.220761e-01 	9.701349e+05 	4.713446e-01 	9.702755e+05 	5.364197e-01 	
  9.705361e+05 	2.714603e-01 	9.709372e+05 	1.586890e-01 	9.710773e+05 	1.496612e-01 	
  9.712076e+05 	1.573070e-01 	9.713381e+05 	1.865631e-01 	9.714785e+05 	2.035172e-01 	
  9.717490e+05 	1.734816e-01 	9.718795e+05 	1.777316e-01 	9.722803e+05 	2.122943e-01 	
  9.728216e+05 	3.455411e-01 	9.733629e+05 	5.764046e-01 	9.736235e+05 	6.637718e-01 	
  9.738942e+05 	6.423093e-01 	9.745760e+05 	3.038419e-01 	9.749769e+05 	2.075470e-01 	
  9.752477e+05 	1.503370e-01 	9.753778e+05 	1.252007e-01 	9.755182e+05 	1.284605e-01 	
  9.756487e+05 	1.093763e-01 	9.757889e+05 	1.212415e-01 	9.761900e+05 	1.171597e-01 	
  9.763303e+05 	1.182061e-01 	9.766008e+05 	1.404676e-01 	9.767313e+05 	1.873740e-01 	
  9.770021e+05 	3.530526e-01 	9.772726e+05 	7.019989e-01 	9.774130e+05 	8.239271e-01 	
  9.775433e+05 	7.863673e-01 	9.779543e+05 	5.309398e-01 	9.780846e+05 	4.193220e-01 	
  9.784956e+05 	3.521202e-01 	9.787663e+05 	2.929466e-01 	9.793077e+05 	2.520607e-01 	
  9.795783e+05 	2.433661e-01 	9.798491e+05 	2.356931e-01 	9.801196e+05 	2.646756e-01 	
  9.803861e+05 	2.815475e-01 	9.804003e+05 	2.824465e-01 	9.808012e+05 	3.201823e-01 	
  9.809414e+05 	3.102202e-01 	9.820343e+05 	5.233007e-01 	9.833975e+05 	1.110533e+00 	
  9.838087e+05 	9.224710e-01 	9.840795e+05 	7.190907e-01 	9.846307e+05 	3.395716e-01 	
  9.850416e+05 	2.198856e-01 	9.853124e+05 	1.553996e-01 	9.858637e+05 	1.283185e-01 	
  9.859940e+05 	1.370370e-01 	9.861341e+05 	1.191131e-01 	9.865454e+05 	1.175814e-01 	
  9.872371e+05 	1.549193e-01 	9.876482e+05 	2.005278e-01 	9.877886e+05 	2.098412e-01 	
  9.879189e+05 	2.352537e-01 	9.880589e+05 	2.984545e-01 	9.888811e+05 	7.889921e-01 	
  9.890214e+05 	8.460060e-01 	9.891619e+05 	8.212480e-01 	9.897131e+05 	6.059633e-01 	
  9.901242e+05 	5.095716e-01 	9.904049e+05 	3.734322e-01 	9.906755e+05 	2.105433e-01 	
  9.909562e+05 	2.016098e-01 	9.910967e+05 	1.652485e-01 	9.912371e+05 	1.574200e-01 	
  9.913671e+05 	1.214225e-01 	9.915075e+05 	6.824687e-02 	9.917882e+05 	5.634305e-02 	
  9.920588e+05 	5.868998e-02 	9.923395e+05 	6.500106e-02 	9.927608e+05 	1.291754e-01 	
  9.930315e+05 	1.665320e-01 	9.933120e+05 	1.438022e-01 	9.938633e+05 	1.530136e-01 	
  9.941439e+05 	1.262361e-01 	9.945651e+05 	2.722202e-01 	9.946955e+05 	3.346008e-01 	
  9.951164e+05 	6.589982e-01 	9.952568e+05 	8.057065e-01 	9.953971e+05 	1.004547e+00 	
  9.956779e+05 	8.945314e-01 	9.959483e+05 	6.727878e-01 	9.960889e+05 	5.944399e-01 	
  9.962291e+05 	5.303932e-01 	9.970713e+05 	5.606294e-01 	9.980436e+05 	7.071728e-01 	
  9.995872e+05 	1.010310e+00 	1.000289e+06 	1.019520e+00 	1.000941e+06 	9.808808e-01 	
  1.001442e+06 	1.030779e+00 	1.001843e+06 	1.433532e+00 	1.002244e+06 	1.068641e+00 	
  1.002645e+06 	8.484506e-01 	1.004249e+06 	6.242358e-01 	1.005051e+06 	5.391784e-01 	
  1.005953e+06 	4.729155e-01 	1.006154e+06 	4.726674e-01 	1.006655e+06 	4.795082e-01 	
  1.007056e+06 	4.820519e-01 	1.007357e+06 	4.003678e-01 	1.008359e+06 	3.217115e-01 	
  1.009462e+06 	3.197467e-01 	1.009763e+06 	3.017303e-01 	1.009863e+06 	3.095076e-01 	
  1.010464e+06 	2.757458e-01 	1.010865e+06 	2.733118e-01 	1.011266e+06 	2.812263e-01 	
  1.011467e+06 	2.580394e-01 	1.011567e+06 	2.225901e-01 	1.012068e+06 	2.134321e-01 	
  1.012269e+06 	1.758580e-01 	1.012469e+06 	1.810869e-01 	1.012569e+06 	1.627127e-01 	
  1.012770e+06 	1.609972e-01 	1.013071e+06 	1.456713e-01 	1.013171e+06 	1.852006e-01 	
  1.013472e+06 	3.288677e-01 	1.013572e+06 	3.732988e-01 	1.014073e+06 	4.050898e-01 	
  1.014574e+06 	3.477901e-01 	1.014875e+06 	3.994792e-01 	1.015075e+06 	4.080809e-01 	
  1.016078e+06 	4.660357e-01 	1.016479e+06 	5.223699e-01 	1.017081e+06 	2.923281e-01 	
  1.017281e+06 	1.893845e-01 	1.017582e+06 	8.924057e-02 	1.017782e+06 	8.136251e-02 	
  1.017882e+06 	6.787014e-02 	1.018083e+06 	5.550351e-02 	1.018183e+06 	5.151003e-02 	
  1.018384e+06 	5.853618e-02 	1.018484e+06 	5.874911e-02 	1.018584e+06 	8.027422e-02 	
  1.018785e+06 	5.155563e-02 	1.019085e+06 	9.150493e-02 	1.019386e+06 	1.484561e-01 	
  1.019486e+06 	1.913409e-01 	1.019587e+06 	2.597140e-01 	1.019787e+06 	2.784215e-01 	
  1.019887e+06 	2.156701e-01 	1.020088e+06 	2.590250e-01 	1.020188e+06 	3.675984e-01 	
  1.020389e+06 	5.674921e-01 	1.020790e+06 	1.811443e-01 	1.020890e+06 	1.371425e-01 	
  1.021191e+06 	7.553277e-02 	1.021692e+06 	7.880980e-02 	1.021993e+06 	7.375070e-02 	
  1.022193e+06 	7.253196e-02 	1.022494e+06 	7.837761e-02 	1.022995e+06 	9.300265e-02 	
  1.023095e+06 	1.059658e-01 	1.023296e+06 	1.058238e-01 	1.023396e+06 	1.078387e-01 	
  1.023697e+06 	1.214205e-01 	1.024098e+06 	1.330462e-01 	1.024398e+06 	2.230242e-01 	
  1.024599e+06 	2.857537e-01 	1.024799e+06 	4.263502e-01 	1.025100e+06 	7.229815e-01 	
  1.025301e+06 	6.195571e-01 	1.025601e+06 	3.952404e-01 	1.026002e+06 	2.602670e-01 	
  1.026303e+06 	1.799901e-01 	1.026403e+06 	2.244290e-01 	1.026604e+06 	2.358182e-01 	
  1.026704e+06 	3.083832e-01 	1.026904e+06 	3.184112e-01 	1.027005e+06 	2.415824e-01 	
  1.027506e+06 	1.121171e-01 	1.027807e+06 	8.927054e-02 	1.027907e+06 	7.909453e-02 	
  1.028208e+06 	6.065644e-02 	1.028609e+06 	4.930391e-02 	1.028809e+06 	5.730277e-02 	
  1.029110e+06 	6.237617e-02 	1.029210e+06 	5.697395e-02 	1.029411e+06 	6.516581e-02 	
  1.029511e+06 	5.253027e-02 	1.029711e+06 	6.979185e-02 	1.029812e+06 	7.728022e-02 	
  1.030113e+06 	6.689849e-02 	1.030514e+06 	1.922644e-01 	1.030714e+06 	3.211356e-01 	
  1.030814e+06 	5.379592e-01 	1.031015e+06 	9.359614e-01 	1.031115e+06 	8.547194e-01 	
  1.031416e+06 	3.734705e-01 	1.031716e+06 	4.948405e-01 	1.031817e+06 	6.289811e-01 	
  1.032017e+06 	5.750873e-01 	1.032117e+06 	4.080207e-01 	1.032318e+06 	2.456610e-01 	
  1.032719e+06 	1.294659e-01 	1.032919e+06 	1.105913e-01 	1.033020e+06 	1.106963e-01 	
  1.033320e+06 	9.654643e-02 	1.033521e+06 	9.711528e-02 	1.033621e+06 	8.814388e-02 	
  1.033922e+06 	1.043614e-01 	1.034223e+06 	9.828667e-02 	1.034323e+06 	1.177611e-01 	
  1.034523e+06 	1.064586e-01 	1.034624e+06 	1.118094e-01 	1.034824e+06 	9.984681e-02 	
  1.035125e+06 	1.058974e-01 	1.035225e+06 	1.016628e-01 	1.035426e+06 	7.979459e-02 	
  1.035726e+06 	1.157509e-01 	1.035826e+06 	1.048990e-01 	1.036027e+06 	1.130576e-01 	
  1.036127e+06 	1.270148e-01 	1.036328e+06 	1.240426e-01 	1.036628e+06 	1.219518e-01 	
  1.037130e+06 	1.550489e-01 	1.038232e+06 	2.119783e-01 	1.038533e+06 	2.099929e-01 	
  1.038834e+06 	2.317832e-01 	1.039135e+06 	2.975276e-01 	1.039736e+06 	5.652192e-01 	
  1.040137e+06 	3.752036e-01 	1.040338e+06 	2.129853e-01 	1.040438e+06 	1.886923e-01 	
  1.040538e+06 	1.763272e-01 	1.040738e+06 	1.923094e-01 	1.040839e+06 	2.107848e-01 	
  1.041340e+06 	2.897599e-01 	1.041440e+06 	2.882638e-01 	1.041942e+06 	3.943557e-01 	
  1.042242e+06 	5.392725e-01 	1.042343e+06 	6.247356e-01 	1.042543e+06 	7.590127e-01 	
  1.042643e+06 	8.876446e-01 	1.042844e+06 	1.080110e+00 	1.042944e+06 	1.152508e+00 	
  1.043144e+06 	1.056412e+00 	1.043445e+06 	6.344057e-01 	1.043545e+06 	5.310719e-01 	
  1.043846e+06 	3.669454e-01 	1.044047e+06 	3.590748e-01 	1.044147e+06 	3.343526e-01 	
  1.044448e+06 	6.394487e-01 	1.044748e+06 	1.046764e+00 	1.044949e+06 	1.038061e+00 	
  1.045550e+06 	6.962728e-01 	1.047054e+06 	3.232258e-01 	1.047355e+06 	3.124376e-01 	
  1.047455e+06 	3.002270e-01 	1.047655e+06 	3.035550e-01 	1.047756e+06 	2.894752e-01 	
  1.048357e+06 	2.971416e-01 	1.048658e+06 	3.063846e-01 	1.048858e+06 	2.558135e-01 	
  1.049159e+06 	2.476467e-01 	1.049259e+06 	2.752880e-01 	1.049560e+06 	2.911062e-01 	
  1.049861e+06 	3.133527e-01 	1.050162e+06 	2.659314e-01 	1.050964e+06 	2.458042e-01 	
  1.051565e+06 	2.793502e-01 	1.051866e+06 	3.256510e-01 	1.051966e+06 	2.893150e-01 	
  1.052167e+06 	2.376081e-01 	1.052868e+06 	2.419522e-01 	1.053470e+06 	2.274328e-01 	
  1.054071e+06 	2.471864e-01 	1.054873e+06 	2.796675e-01 	1.054973e+06 	2.875178e-01 	
  1.055274e+06 	2.692516e-01 	1.055575e+06 	3.692007e-01 	1.055776e+06 	4.433877e-01 	
  1.055976e+06 	6.045845e-01 	1.056277e+06 	9.140847e-01 	1.056377e+06 	1.023207e+00 	
  1.056878e+06 	7.548633e-01 	1.057179e+06 	8.046342e-01 	1.057279e+06 	8.689602e-01 	
  1.057480e+06 	9.454462e-01 	1.057580e+06 	8.906635e-01 	1.057780e+06 	7.288435e-01 	
  1.057881e+06 	5.261064e-01 	1.058181e+06 	3.674389e-01 	1.058482e+06 	2.469641e-01 	
  1.058783e+06 	1.810804e-01 	1.059084e+06 	1.289787e-01 	1.059284e+06 	1.402599e-01 	
  1.059785e+06 	2.608992e-01 	1.059886e+06 	2.247542e-01 	1.060086e+06 	2.126029e-01 	
  1.060186e+06 	1.963077e-01 	1.060988e+06 	2.658864e-01 	1.061590e+06 	4.002432e-01 	
  1.061690e+06 	4.567782e-01 	1.061991e+06 	4.505954e-01 	1.062392e+06 	3.940414e-01 	
  1.063294e+06 	4.123967e-01 	1.063996e+06 	5.249286e-01 	1.065299e+06 	6.712911e-01 	
  1.066001e+06 	8.177964e-01 	1.067003e+06 	8.809364e-01 	1.067705e+06 	8.840658e-01 	
  1.068406e+06 	7.805377e-01 	1.069309e+06 	5.629792e-01 	1.070211e+06 	3.870870e-01 	
  1.070411e+06 	3.805608e-01 	1.070512e+06 	3.443780e-01 	1.070712e+06 	3.353047e-01 	
  1.070812e+06 	2.951631e-01 	1.071614e+06 	1.784087e-01 	1.072116e+06 	1.282131e-01 	
  1.072216e+06 	1.058123e-01 	1.072416e+06 	1.316091e-01 	1.072817e+06 	2.282483e-01 	
  1.073018e+06 	2.391027e-01 	1.073820e+06 	2.502411e-01 	1.074121e+06 	2.721979e-01 	
  1.074622e+06 	4.344943e-01 	1.074722e+06 	3.717008e-01 	1.074922e+06 	3.122781e-01 	
  1.075223e+06 	2.875355e-01 	1.076025e+06 	5.003216e-01 	1.078030e+06 	1.503205e+00 	
  1.078532e+06 	1.782933e+00 	1.078832e+06 	1.670961e+00 	1.078932e+06 	1.525245e+00 	
  1.079634e+06 	1.049059e+00 	1.080235e+06 	8.027154e-01 	1.081639e+06 	5.404737e-01 	
  1.081840e+06 	4.831134e-01 	1.081940e+06 	4.881817e-01 	1.082140e+06 	4.416899e-01 	
  1.082441e+06 	4.455843e-01 	1.082741e+06 	5.982328e-01 	1.082942e+06 	8.169119e-01 	
  1.083243e+06 	5.045349e-01 	1.083644e+06 	3.388540e-01 	1.084045e+06 	3.878841e-01 	
  1.084346e+06 	4.633979e-01 	1.084646e+06 	4.069299e-01 	1.084947e+06 	3.083123e-01 	
  1.085248e+06 	2.809293e-01 	1.085549e+06 	3.846271e-01 	1.086050e+06 	2.404447e-01 	
  1.086551e+06 	2.133340e-01 	1.086651e+06 	2.235490e-01 	1.087052e+06 	3.268314e-01 	
  1.087453e+06 	1.893403e-01 	1.087854e+06 	1.790264e-01 	1.088155e+06 	2.302713e-01 	
  1.088255e+06 	2.724203e-01 	1.088456e+06 	3.891925e-01 	1.088756e+06 	2.639273e-01 	
  1.089057e+06 	1.587986e-01 	1.089358e+06 	1.770616e-01 	1.089759e+06 	1.623077e-01 	
  1.090060e+06 	1.733389e-01 	1.090360e+06 	1.612109e-01 	1.090561e+06 	1.643133e-01 	
  1.090661e+06 	1.796279e-01 	1.091162e+06 	1.716748e-01 	1.091463e+06 	1.740411e-01 	
  1.091663e+06 	1.513048e-01 	1.091964e+06 	1.641185e-01 	1.092465e+06 	1.646370e-01 	
  1.092766e+06 	2.571995e-01 	1.093067e+06 	5.837540e-01 	1.093368e+06 	4.249886e-01 	
  1.093568e+06 	2.865732e-01 	1.093769e+06 	1.842991e-01 	1.093869e+06 	1.543081e-01 	
  1.094170e+06 	1.585201e-01 	1.094671e+06 	1.665008e-01 	1.095373e+06 	2.838312e-01 	
  1.095673e+06 	4.214281e-01 	1.095974e+06 	6.885037e-01 	1.096174e+06 	7.948728e-01 	
  1.096475e+06 	8.218840e-01 	1.096776e+06 	8.839313e-01 	1.097277e+06 	1.107679e+00 	
  1.097378e+06 	1.204356e+00 	1.098079e+06 	1.222460e+00 	1.098580e+06 	8.371516e-01 	
  1.098681e+06 	6.681097e-01 	1.098881e+06 	5.227599e-01 	1.099383e+06 	6.252728e-01 	
  1.099884e+06 	8.916310e-01 	1.100185e+06 	9.600073e-01 	1.100686e+06 	5.814489e-01 	
  1.100986e+06 	4.058720e-01 	1.101788e+06 	2.443484e-01 	1.102089e+06 	2.031062e-01 	
  1.102290e+06 	2.295479e-01 	1.102590e+06 	3.142317e-01 	1.102791e+06 	4.037408e-01 	
  1.103092e+06 	6.046797e-01 	1.103192e+06 	7.499205e-01 	1.103593e+06 	9.827905e-01 	
  1.104094e+06 	6.538108e-01 	1.104696e+06 	4.101282e-01 	1.105397e+06 	3.175030e-01 	
  1.105798e+06 	2.987521e-01 	1.106500e+06 	3.318445e-01 	1.106700e+06 	3.137904e-01 	
  1.107302e+06 	6.028557e-01 	1.107603e+06 	5.323431e-01 	1.107803e+06 	3.899833e-01 	
  1.108104e+06 	2.978127e-01 	1.108505e+06 	3.093491e-01 	1.108806e+06 	3.787960e-01 	
  1.109106e+06 	4.168809e-01 	1.109307e+06 	3.166524e-01 	1.109608e+06 	2.215798e-01 	
  1.109808e+06 	2.317259e-01 	1.109908e+06 	2.680786e-01 	1.110109e+06 	2.828772e-01 	
  1.110409e+06 	3.420882e-01 	1.110610e+06 	4.039314e-01 	1.110911e+06 	4.208414e-01 	
  1.111212e+06 	8.888593e-01 	1.111412e+06 	1.458341e+00 	1.111913e+06 	8.039759e-01 	
  1.112214e+06 	3.440616e-01 	1.112515e+06 	2.147789e-01 	1.113718e+06 	2.248396e-01 	
  1.113918e+06 	2.333115e-01 	1.114018e+06 	2.288285e-01 	1.115221e+06 	4.991705e-01 	
  1.115723e+06 	6.714196e-01 	1.115823e+06 	7.157469e-01 	1.116224e+06 	8.325191e-01 	
  1.116725e+06 	6.131780e-01 	1.116825e+06 	5.382081e-01 	1.117326e+06 	3.179904e-01 	
  1.117627e+06 	2.283891e-01 	1.117828e+06 	2.246132e-01 	1.118129e+06 	2.540322e-01 	
  1.118630e+06 	2.899209e-01 	1.119031e+06 	2.530458e-01 	1.119532e+06 	2.651764e-01 	
  1.119833e+06 	3.074556e-01 	1.120835e+06 	5.686236e-01 	1.121637e+06 	6.110685e-01 	
  1.123141e+06 	6.324310e-01 	1.123842e+06 	7.504177e-01 	1.125547e+06 	9.993748e-01 	
  1.127852e+06 	3.633207e-01 	1.128153e+06 	2.629953e-01 	1.128354e+06 	2.085144e-01 	
  1.128554e+06 	2.855468e-01 	1.128654e+06 	3.528346e-01 	1.129156e+06 	5.412358e-01 	
  1.129557e+06 	6.529130e-01 	1.129857e+06 	8.815822e-01 	1.130058e+06 	1.063902e+00 	
  1.130559e+06 	7.031381e-01 	1.131060e+06 	5.810838e-01 	1.131261e+06 	5.545762e-01 	
  1.131562e+06 	6.454600e-01 	1.131762e+06 	6.540890e-01 	1.132063e+06 	4.887214e-01 	
  1.132263e+06 	4.810067e-01 	1.132865e+06 	5.754567e-01 	1.133566e+06 	5.589325e-01 	
  1.133767e+06 	5.584396e-01 	1.134068e+06 	5.280986e-01 	1.134569e+06 	3.196407e-01 	
  1.134970e+06 	1.966273e-01 	1.135271e+06 	1.535151e-01 	1.135471e+06 	1.300613e-01 	
  1.135571e+06 	1.387242e-01 	1.136273e+06 	1.392352e-01 	1.136674e+06 	1.658627e-01 	
  1.136975e+06 	2.306267e-01 	1.137175e+06 	3.000223e-01 	1.137476e+06 	5.082757e-01 	
  1.137977e+06 	1.035864e+00 	1.138178e+06 	1.093217e+00 	1.138980e+06 	7.410913e-01 	
  1.139381e+06 	6.599908e-01 	1.139681e+06 	5.376296e-01 	1.140383e+06 	4.433288e-01 	
  1.141085e+06 	4.599873e-01 	1.141887e+06 	3.556755e-01 	1.142789e+06 	4.219492e-01 	
  1.143491e+06 	5.082559e-01 	1.143791e+06 	5.811867e-01 	1.144794e+06 	1.363899e+00 	
  1.145295e+06 	8.536943e-01 	1.145696e+06 	8.581484e-01 	1.146197e+06 	1.068059e+00 	
  1.146699e+06 	1.106745e+00 	1.147601e+06 	4.104229e-01 	1.147701e+06 	3.810148e-01 	
  1.148303e+06 	3.331027e-01 	1.148603e+06 	2.714016e-01 	1.149004e+06 	2.074549e-01 	
  1.149305e+06 	2.279572e-01 	1.149505e+06 	2.854857e-01 	1.149806e+06 	5.489963e-01 	
  1.150007e+06 	6.430902e-01 	1.150307e+06 	4.180434e-01 	1.150708e+06 	2.905580e-01 	
  1.151009e+06 	2.670870e-01 	1.151410e+06 	2.986874e-01 	1.151911e+06 	3.610402e-01 	
  1.152613e+06 	3.615384e-01 	1.152914e+06 	2.969919e-01 	1.153315e+06 	2.660091e-01 	
  1.153816e+06 	2.729175e-01 	1.154117e+06 	2.096938e-01 	1.154317e+06 	1.665154e-01 	
  1.154718e+06 	1.465732e-01 	1.155019e+06 	1.467021e-01 	1.155219e+06 	1.393627e-01 	
  1.155420e+06 	1.534074e-01 	1.155721e+06 	1.567554e-01 	1.155921e+06 	1.469711e-01 	
  1.156021e+06 	1.468336e-01 	1.156422e+06 	1.664742e-01 	1.156723e+06 	2.659967e-01 	
  1.157124e+06 	2.770499e-01 	1.157325e+06 	2.050327e-01 	1.157425e+06 	1.599269e-01 	
  1.157826e+06 	1.528465e-01 	1.158127e+06 	1.528540e-01 	1.158528e+06 	1.220848e-01 	
  1.159029e+06 	1.722008e-01 	1.159229e+06 	1.394077e-01 	1.159731e+06 	3.804092e-01 	
  1.159931e+06 	5.276964e-01 	1.160132e+06 	5.761971e-01 	1.160934e+06 	3.796497e-01 	
  1.161335e+06 	3.090134e-01 	1.162938e+06 	2.761427e-01 	1.163440e+06 	3.195022e-01 	
  1.164342e+06 	2.886689e-01 	1.164643e+06 	2.981338e-01 	1.165344e+06 	3.224307e-01 	
  1.165745e+06 	4.093159e-01 	1.165846e+06 	4.783166e-01 	1.166247e+06 	7.703318e-01 	
  1.166547e+06 	7.300313e-01 	1.166748e+06 	7.234270e-01 	1.167149e+06 	9.567606e-01 	
  1.167450e+06 	6.460633e-01 	1.167850e+06 	3.616141e-01 	1.168352e+06 	2.584600e-01 	
  1.168552e+06 	2.341851e-01 	1.168853e+06 	2.325917e-01 	1.169254e+06 	3.862129e-01 	
  1.169454e+06 	5.545369e-01 	1.169555e+06 	6.909806e-01 	1.169956e+06 	1.146383e+00 	
  1.170357e+06 	1.247905e+00 	1.171058e+06 	7.857819e-01 	1.171560e+06 	6.321543e-01 	
  1.172963e+06 	6.074454e-01 	1.173665e+06 	6.846637e-01 	1.174567e+06 	6.270595e-01 	
  1.174968e+06 	5.631246e-01 	1.175169e+06 	5.709552e-01 	1.175670e+06 	5.185234e-01 	
  1.176572e+06 	4.643971e-01 	1.177274e+06 	4.162217e-01 	1.177574e+06 	4.199547e-01 	
  1.177775e+06 	4.026152e-01 	1.178376e+06 	3.648631e-01 	1.178878e+06 	3.968855e-01 	
  1.179279e+06 	6.172511e-01 	1.179379e+06 	8.168730e-01 	1.179579e+06 	1.161524e+00 	
  1.179780e+06 	1.240784e+00 	1.179980e+06 	1.135569e+00 	1.180281e+06 	8.915744e-01 	
  1.180481e+06 	7.274435e-01 	1.181083e+06 	5.264839e-01 	1.181183e+06 	4.823453e-01 	
  1.181384e+06 	4.263806e-01 	1.181785e+06 	4.008924e-01 	1.183188e+06 	5.974584e-01 	
  1.183589e+06 	6.922110e-01 	1.184291e+06 	1.263170e+00 	1.184491e+06 	1.219142e+00 	
  1.184792e+06 	8.419816e-01 	1.184993e+06 	6.605477e-01 	1.185694e+06 	4.760716e-01 	
  1.187499e+06 	5.089372e-01 	1.189003e+06 	4.520932e-01 	1.189704e+06 	5.387146e-01 	
  1.190105e+06 	7.733141e-01 	1.190406e+06 	1.124490e+00 	1.190606e+06 	1.222605e+00 	
  1.191007e+06 	6.191050e-01 	1.191208e+06 	4.437733e-01 	1.191308e+06 	3.878222e-01 	
  1.191910e+06 	2.405664e-01 	1.192611e+06 	1.944842e-01 	1.193413e+06 	1.722816e-01 	
  1.193714e+06 	1.528171e-01 	1.194115e+06 	1.559785e-01 	1.194616e+06 	2.318351e-01 	
  1.194817e+06 	2.856234e-01 	1.195418e+06 	1.643493e-01 	1.195719e+06 	1.479614e-01 	
  1.196521e+06 	1.562143e-01 	1.197223e+06 	1.776782e-01 	1.197624e+06 	2.308968e-01 	
  1.198325e+06 	4.171952e-01 	1.198726e+06 	5.403722e-01 	1.199228e+06 	5.788826e-01 	
  1.199829e+06 	5.715987e-01 	1.199929e+06 	6.302884e-01 	1.200330e+06 	1.037080e+00 	
  1.201233e+06 	6.154660e-01 	1.201634e+06 	3.764630e-01 	1.201834e+06 	3.628370e-01 	
  1.202235e+06 	2.868570e-01 	1.202736e+06 	2.292970e-01 	1.202937e+06 	1.739260e-01 	
  1.203137e+06 	1.676100e-01 	1.203438e+06 	1.933300e-01 	1.203638e+06 	2.339060e-01 	
  1.204240e+06 	1.651640e-01 	1.204741e+06 	1.348590e-01 	1.204942e+06 	1.612270e-01 	
  1.205343e+06 	1.763640e-01 	1.205744e+06 	2.175930e-01 	1.206245e+06 	4.709980e-01 	
  1.207047e+06 	1.005410e+00 	1.207147e+06 	1.145230e+00 	1.207949e+06 	5.689380e-01 	
  1.208150e+06 	5.717810e-01 	1.208350e+06 	5.207940e-01 	1.208450e+06 	4.177530e-01 	
  1.208651e+06 	3.424580e-01 	1.208851e+06 	3.286670e-01 	1.209052e+06 	3.602850e-01 	
  1.209453e+06 	4.076850e-01 	1.209653e+06 	4.613220e-01 	1.210154e+06 	6.973760e-01 	
  1.210555e+06 	9.820920e-01 	1.210956e+06 	1.196250e+00 	1.211458e+06 	7.537650e-01 	
  1.211859e+06 	6.368420e-01 	1.212560e+06 	2.945780e-01 	1.212961e+06 	2.147490e-01 	
  1.213362e+06 	1.951880e-01 	1.213763e+06 	2.433880e-01 	1.214064e+06 	2.359890e-01 	
  1.214665e+06 	1.993270e-01 	1.214866e+06 	1.692650e-01 	1.215768e+06 	1.700270e-01 	
  1.216169e+06 	1.712970e-01 	1.216771e+06 	2.686540e-01 	1.217272e+06 	2.837120e-01 	
  1.217472e+06 	2.873340e-01 	1.218575e+06 	2.013140e-01 	1.218776e+06 	2.168790e-01 	
  1.218976e+06 	2.100360e-01 	1.219177e+06 	2.238080e-01 	1.219377e+06 	2.205760e-01 	
  1.219979e+06 	2.367970e-01 	1.220881e+06 	2.924730e-01 	1.221081e+06 	3.064740e-01 	
  1.221683e+06 	3.521920e-01 	1.222184e+06 	4.507170e-01 	1.222986e+06 	6.417480e-01 	
  1.223487e+06 	8.965810e-01 	1.224289e+06 	6.986980e-01 	1.224490e+06 	7.029870e-01 	
  1.225392e+06 	8.131680e-01 	1.225993e+06 	7.815220e-01 	1.226595e+06 	7.824960e-01 	
  1.227297e+06 	9.917220e-01 	1.228099e+06 	1.461990e+00 	1.228499e+06 	1.538150e+00 	
  1.228900e+06 	1.395080e+00 	1.229402e+06 	8.302771e-01 	1.229602e+06 	6.860690e-01 	
  1.229803e+06 	6.087450e-01 	1.230404e+06 	9.050720e-01 	1.231006e+06 	5.238140e-01 	
  1.231106e+06 	4.420580e-01 	1.231942e+06 	3.026513e-01 	1.232108e+06 	2.749700e-01 	
  1.232710e+06 	3.216590e-01 	1.232910e+06 	3.643870e-01 	1.233111e+06 	3.967040e-01 	
  1.233412e+06 	3.886250e-01 	1.234013e+06 	3.123770e-01 	1.234414e+06 	3.422070e-01 	
  1.234815e+06 	4.507970e-01 	1.235216e+06 	5.996250e-01 	1.235617e+06 	4.961400e-01 	
  1.235717e+06 	4.787780e-01 	1.237121e+06 	7.652550e-01 	1.237321e+06 	7.508810e-01 	
  1.237722e+06 	7.715580e-01 	1.239426e+06 	4.214160e-01 	1.240028e+06 	3.720440e-01 	
  1.240629e+06 	3.732180e-01 	1.240830e+06 	4.552980e-01 	1.241130e+06 	5.923790e-01 	
  1.241532e+06 	5.083570e-01 	1.241732e+06 	5.917250e-01 	1.241932e+06 	7.527780e-01 	
  1.242333e+06 	4.471150e-01 	1.242534e+06 	3.210640e-01 	1.242734e+06 	2.673750e-01 	
  1.243336e+06 	3.177340e-01 	1.243737e+06 	3.893020e-01 	1.243937e+06 	3.709930e-01 	
  1.244639e+06 	2.939880e-01 	1.245240e+06 	2.374740e-01 	1.245441e+06 	2.763220e-01 	
  1.245842e+06 	2.082080e-01 	1.246243e+06 	1.938970e-01 	1.246644e+06 	2.616210e-01 	
  1.246845e+06 	3.298370e-01 	1.247045e+06 	4.653880e-01 	1.247246e+06 	7.115820e-01 	
  1.247546e+06 	4.772980e-01 	1.247747e+06 	3.219050e-01 	1.248148e+06 	2.691590e-01 	
  1.248348e+06 	3.103460e-01 	1.248749e+06 	5.084580e-01 	1.249551e+06 	7.603560e-01 	
  1.250153e+06 	5.790350e-01 	1.250353e+06 	4.658660e-01 	1.250553e+06 	3.781450e-01 	
  1.250954e+06 	2.804170e-01 	1.251355e+06 	2.467500e-01 	1.251857e+06 	1.968420e-01 	
  1.252458e+06 	2.106100e-01 	1.253060e+06 	3.283350e-01 	1.253461e+06 	4.962720e-01 	
  1.253661e+06 	6.359740e-01 	1.254062e+06 	7.801700e-01 	1.254263e+06 	7.410010e-01 	
  1.255466e+06 	2.607440e-01 	1.255867e+06 	2.466510e-01 	1.256468e+06 	2.046620e-01 	
  1.256669e+06 	1.816720e-01 	1.257771e+06 	2.587920e-01 	1.258373e+06 	3.368050e-01 	
  1.258974e+06 	2.617170e-01 	1.259375e+06 	2.006030e-01 	1.259776e+06 	1.732240e-01 	
  1.260779e+06 	1.475040e-01 	1.261380e+06 	1.601160e-01 	1.261781e+06 	2.783510e-01 	
  1.261982e+06 	3.613370e-01 	1.262383e+06 	2.360590e-01 	1.262984e+06 	2.150730e-01 	
  1.263385e+06 	3.702990e-01 	1.263585e+06 	4.227040e-01 	1.263786e+06 	3.404380e-01 	
  1.263987e+06 	2.993220e-01 	1.264387e+06 	2.956610e-01 	1.264588e+06 	2.126540e-01 	
  1.264989e+06 	1.954160e-01 	1.265390e+06 	2.318170e-01 	1.265590e+06 	2.761220e-01 	
  1.266392e+06 	6.100750e-01 	1.266994e+06 	7.846790e-01 	1.267395e+06 	5.258460e-01 	
  1.267796e+06 	4.520540e-01 	1.267996e+06 	4.646600e-01 	1.268397e+06 	5.544740e-01 	
  1.269199e+06 	6.555410e-01 	1.269801e+06 	5.221810e-01 	1.270001e+06 	4.551400e-01 	
  1.271605e+06 	2.784640e-01 	1.272808e+06 	2.450930e-01 	1.273410e+06 	2.835240e-01 	
  1.274212e+06 	2.622200e-01 	1.274613e+06 	2.639810e-01 	1.275816e+06 	3.361200e-01 	
  1.276016e+06 	3.430220e-01 	1.276617e+06 	4.065460e-01 	1.277219e+06 	5.271860e-01 	
  1.278221e+06 	8.019250e-01 	1.278823e+06 	6.728870e-01 	1.279224e+06 	5.832180e-01 	
  1.280226e+06 	5.474450e-01 	1.281229e+06 	4.881000e-01 	1.282331e+06 	4.961500e-01 	
  1.282933e+06 	6.027400e-01 	1.283134e+06 	6.207370e-01 	1.283535e+06 	6.951430e-01 	
  1.283735e+06 	6.348300e-01 	1.284136e+06 	5.625450e-01 	1.284537e+06 	4.241770e-01 	
  1.284938e+06 	3.318950e-01 	1.285940e+06 	2.675700e-01 	1.286341e+06 	2.643620e-01 	
  1.287143e+06 	2.459220e-01 	1.287444e+06 	2.479490e-01 	1.288447e+06 	2.430640e-01 	
  1.288847e+06 	2.874610e-01 	1.289449e+06 	3.859560e-01 	1.289850e+06 	3.338030e-01 	
  1.290451e+06 	2.319400e-01 	1.290853e+06 	1.786120e-01 	1.291253e+06 	1.982060e-01 	
  1.291755e+06 	2.215330e-01 	1.292156e+06 	3.575050e-01 	1.292757e+06 	8.031031e-01 	
  1.292958e+06 	8.621760e-01 	1.293158e+06 	8.056030e-01 	1.293559e+06 	6.061220e-01 	
  1.293960e+06 	5.421560e-01 	1.294161e+06 	5.661160e-01 	1.294562e+06 	4.401660e-01 	
  1.295263e+06 	6.985840e-01 	1.296667e+06 	8.910089e-01 	1.297268e+06 	8.070950e-01 	
  1.298070e+06 	8.186520e-01 	1.298972e+06 	6.014600e-01 	1.299373e+06 	5.443990e-01 	
  1.299774e+06 	5.303260e-01 	1.300175e+06 	5.812660e-01 	1.300977e+06 	4.866050e-01 	
  1.302080e+06 	5.309900e-01 	1.302882e+06 	7.163750e-01 	1.303484e+06 	1.203240e+00 	
  1.303684e+06 	1.251060e+00 	1.304185e+06 	1.095670e+00 	1.304987e+06 	1.016790e+00 	
  1.305388e+06 	1.024800e+00 	1.305589e+06 	9.291900e-01 	1.306190e+06 	3.905820e-01 	
  1.306491e+06 	2.968480e-01 	1.306691e+06 	2.994400e-01 	1.306892e+06 	2.669030e-01 	
  1.307293e+06 	3.115840e-01 	1.307493e+06 	3.300590e-01 	1.307894e+06 	2.342280e-01 	
  1.308797e+06 	1.870260e-01 	1.309599e+06 	1.638500e-01 	1.310200e+06 	1.824180e-01 	
  1.310902e+06 	1.706410e-01 	1.311303e+06 	2.679490e-01 	1.311503e+06 	3.208000e-01 	
  1.311704e+06 	2.812730e-01 	1.312105e+06 	2.041660e-01 	1.312506e+06 	1.865490e-01 	
  1.313007e+06 	2.138380e-01 	1.313207e+06 	2.061640e-01 	1.313408e+06 	2.179740e-01 	
  1.313809e+06 	3.328670e-01 	1.314210e+06 	6.405840e-01 	1.314410e+06 	7.907670e-01 	
  1.314911e+06 	3.721490e-01 	1.315112e+06 	2.883970e-01 	1.315513e+06 	2.381250e-01 	
  1.315714e+06 	2.633200e-01 	1.315914e+06 	2.771970e-01 	1.316115e+06 	2.972390e-01 	
  1.316315e+06 	2.589300e-01 	1.317017e+06 	2.360510e-01 	1.318220e+06 	3.035180e-01 	
  1.318721e+06 	3.286790e-01 	1.319122e+06 	5.191620e-01 	1.319523e+06 	8.526180e-01 	
  1.319723e+06 	9.608080e-01 	1.320325e+06 	5.846490e-01 	1.321027e+06 	7.402760e-01 	
  1.321227e+06 	7.175830e-01 	1.321628e+06 	4.246840e-01 	1.322029e+06 	2.755200e-01 	
  1.322530e+06 	2.308740e-01 	1.322731e+06 	2.296070e-01 	1.323132e+06 	2.089500e-01 	
  1.323833e+06 	2.432940e-01 	1.324034e+06 	2.548010e-01 	1.324234e+06 	2.801400e-01 	
  1.324435e+06 	3.617870e-01 	1.324836e+06 	5.708590e-01 	1.325036e+06 	5.446150e-01 	
  1.325538e+06 	4.372000e-01 	1.327041e+06 	2.685410e-01 	1.327242e+06 	2.858550e-01 	
  1.328946e+06 	2.449180e-01 	1.329147e+06 	2.744650e-01 	1.329547e+06 	3.923720e-01 	
  1.330049e+06 	4.896440e-01 	1.331051e+06 	8.286448e-01 	1.331753e+06 	9.585589e-01 	
  1.332154e+06 	8.777920e-01 	1.332755e+06 	6.920070e-01 	1.333858e+06 	4.819000e-01 	
  1.334961e+06 	7.100140e-01 	1.335863e+06 	4.535170e-01 	1.336064e+06 	4.327430e-01 	
  1.336865e+06 	5.146800e-01 	1.337166e+06 	5.725700e-01 	1.337367e+06 	6.308040e-01 	
  1.338169e+06 	1.105930e+00 	1.338670e+06 	1.049170e+00 	1.339271e+06 	5.359410e-01 	
  1.339472e+06 	3.820480e-01 	1.339772e+06 	2.949220e-01 	1.340173e+06 	2.515100e-01 	
  1.340575e+06 	2.480560e-01 	1.341076e+06 	2.107540e-01 	1.341477e+06 	2.047780e-01 	
  1.342379e+06 	1.730780e-01 	1.342780e+06 	1.935040e-01 	1.343181e+06 	1.605810e-01 	
  1.343482e+06 	1.548240e-01 	1.343682e+06 	1.739920e-01 	1.343883e+06 	1.899600e-01 	
  1.344083e+06 	1.740100e-01 	1.344284e+06 	2.466290e-01 	1.344785e+06 	4.390480e-01 	
  1.344985e+06 	4.132090e-01 	1.345186e+06 	2.525840e-01 	1.345387e+06 	1.856390e-01 	
  1.345787e+06 	1.673930e-01 	1.346088e+06 	1.909230e-01 	1.346288e+06 	1.842840e-01 	
  1.346690e+06 	2.593690e-01 	1.347191e+06 	3.898490e-01 	1.347391e+06 	4.947110e-01 	
  1.348294e+06 	1.108050e+00 	1.348695e+06 	1.240210e+00 	1.350399e+06 	8.790840e-01 	
  1.350900e+06 	1.011170e+00 	1.351301e+06 	1.081490e+00 	1.352203e+06 	8.686270e-01 	
  1.353105e+06 	4.928400e-01 	1.353707e+06 	4.017060e-01 	1.354810e+06 	4.879200e-01 	
  1.355511e+06 	6.043150e-01 	1.355912e+06 	7.543210e-01 	1.357917e+06 	7.920520e-01 	
  1.359020e+06 	1.061960e+00 	1.359321e+06 	1.065780e+00 	1.359521e+06 	9.523460e-01 	
  1.359922e+06 	5.335950e-01 	1.360423e+06 	3.340770e-01 	1.360624e+06 	3.085300e-01 	
  1.361025e+06 	2.689600e-01 	1.361927e+06 	2.451800e-01 	1.362829e+06 	4.588920e-01 	
  1.363531e+06 	8.122970e-01 	1.364233e+06 	4.603160e-01 	1.364633e+06 	3.995380e-01 	
  1.365034e+06 	4.035110e-01 	1.366839e+06 	5.238729e-01 	1.369145e+06 	7.269850e-01 	
  1.370047e+06 	9.787230e-01 	1.370448e+06 	1.140810e+00 	1.371851e+06 	7.079530e-01 	
  1.372252e+06 	4.416300e-01 	1.372453e+06 	3.572710e-01 	1.373355e+06 	3.310240e-01 	
  1.373856e+06 	3.874590e-01 	1.374558e+06 	6.420620e-01 	1.374758e+06 	7.399930e-01 	
  1.375661e+06 	8.687030e-01 	1.376062e+06 	7.243510e-01 	1.376763e+06 	7.859800e-01 	
  1.377465e+06 	1.066160e+00 	1.377966e+06 	8.404922e-01 	1.378167e+06 	7.598500e-01 	
  1.378868e+06 	1.016730e+00 	1.380372e+06 	9.422000e-01 	1.380873e+06 	8.637751e-01 	
  1.382277e+06 	7.516150e-01 	1.383380e+06 	9.070630e-01 	1.383881e+06 	1.167090e+00 	
  1.384482e+06 	1.822530e+00 	1.384983e+06 	2.216790e+00 	1.386086e+06 	1.375190e+00 	
  1.386788e+06 	9.925580e-01 	1.387690e+06 	7.445950e-01 	1.388392e+06 	9.118910e-01 	
  1.389094e+06 	6.924030e-01 	1.389595e+06 	5.300070e-01 	1.389996e+06 	6.600400e-01 	
  1.390497e+06 	5.231760e-01 	1.390697e+06 	4.554180e-01 	1.391199e+06 	3.874660e-01 	
  1.391399e+06 	3.217960e-01 	1.391900e+06 	2.116740e-01 	1.392101e+06 	2.136860e-01 	
  1.392301e+06 	2.866540e-01 	1.392502e+06 	4.698990e-01 	1.392803e+06 	6.691270e-01 	
  1.393204e+06 	5.270010e-01 	1.393705e+06 	3.698160e-01 	1.395810e+06 	2.418650e-01 	
  1.396512e+06 	2.456320e-01 	1.397213e+06 	2.664700e-01 	1.397815e+06 	3.442100e-01 	
  1.398116e+06 	3.666500e-01 	1.398316e+06 	3.195310e-01 	1.398517e+06 	3.074090e-01 	
  1.399218e+06 	2.931180e-01 	1.399720e+06 	3.156700e-01 	1.400421e+06 	3.711110e-01 	
  1.400923e+06 	4.430950e-01 	1.401624e+06 	6.802560e-01 	1.402527e+06 	1.474910e+00 	
  1.403228e+06 	1.512530e+00 	1.404131e+06 	1.097420e+00 	1.404832e+06 	1.060050e+00 	
  1.405534e+06 	8.363520e-01 	1.405735e+06 	7.191090e-01 	1.406737e+06 	5.522370e-01 	
  1.407138e+06 	5.027450e-01 	1.407439e+06 	5.221190e-01 	1.407840e+06 	6.397500e-01 	
  1.408140e+06 	7.870030e-01 	1.408541e+06 	6.050160e-01 	1.408842e+06 	5.295260e-01 	
  1.409043e+06 	5.239920e-01 	1.409544e+06 	8.750930e-01 	1.409945e+06 	7.108590e-01 	
  1.410947e+06 	4.251640e-01 	1.412351e+06 	4.331650e-01 	1.412852e+06 	5.752920e-01 	
  1.413554e+06 	9.928400e-01 	1.414456e+06 	9.032550e-01 	1.415358e+06 	1.492290e+00 	
  1.416160e+06 	6.523360e-01 	1.416360e+06 	5.966630e-01 	1.416862e+06 	5.044400e-01 	
  1.417965e+06 	4.875750e-01 	1.418767e+06 	5.816970e-01 	1.419167e+06 	5.334670e-01 	
  1.420571e+06 	4.887850e-01 	1.421573e+06 	5.427630e-01 	1.422275e+06 	7.475200e-01 	
  1.422475e+06 	8.599890e-01 	1.422776e+06 	8.999300e-01 	1.423979e+06 	5.338220e-01 	
  1.424380e+06 	4.875820e-01 	1.425182e+06 	5.028150e-01 	1.426084e+06 	6.722410e-01 	
  1.427087e+06 	6.628460e-01 	1.427287e+06 	6.005820e-01 	1.427989e+06 	4.921470e-01 	
  1.428691e+06 	5.551210e-01 	1.429192e+06 	6.834420e-01 	1.429693e+06 	7.913150e-01 	
  1.430195e+06 	7.337530e-01 	1.430896e+06 	5.439940e-01 	1.431097e+06 	4.662600e-01 	
  1.431598e+06 	3.275930e-01 	1.431798e+06 	3.480390e-01 	1.432099e+06 	3.469910e-01 	
  1.432600e+06 	3.863260e-01 	1.433503e+06 	5.023710e-01 	1.435006e+06 	8.447610e-01 	
  1.435909e+06 	8.256010e-01 	1.436209e+06 	8.694770e-01 	1.436911e+06 	1.232810e+00 	
  1.437111e+06 	1.273090e+00 	1.437613e+06 	9.159659e-01 	1.437813e+06 	7.197360e-01 	
  1.438314e+06 	5.136930e-01 	1.438615e+06 	4.730030e-01 	1.439116e+06 	5.384550e-01 	
  1.439818e+06 	4.349350e-01 	1.440319e+06 	4.058020e-01 	1.440520e+06 	4.306370e-01 	
  1.441522e+06 	7.180720e-01 	1.442425e+06 	3.260290e-01 	1.443227e+06 	6.484540e-01 	
  1.443427e+06 	7.371010e-01 	1.444430e+06 	3.860130e-01 	1.444931e+06 	4.132810e-01 	
  1.445131e+06 	4.680510e-01 	1.446134e+06 	6.150670e-01 	1.446635e+06 	7.526870e-01 	
  1.447136e+06 	9.781290e-01 	1.448038e+06 	1.570280e+00 	1.448339e+06 	1.645230e+00 	
  1.449542e+06 	1.173390e+00 	1.450244e+06 	6.988750e-01 	1.450745e+06 	4.478300e-01 	
  1.451046e+06 	3.882670e-01 	1.451246e+06 	3.254080e-01 	1.451747e+06 	3.019790e-01 	
  1.452249e+06 	3.742870e-01 	1.453251e+06 	1.064200e+00 	1.453452e+06 	1.026930e+00 	
  1.453953e+06 	7.603590e-01 	1.454454e+06 	5.923150e-01 	1.454654e+06 	5.734300e-01 	
  1.455156e+06 	6.522070e-01 	1.457161e+06 	6.087330e-01 	1.458364e+06 	6.264430e-01 	
  1.459166e+06 	4.159480e-01 	1.459366e+06 	4.233790e-01 	1.459667e+06 	4.779120e-01 	
  1.460870e+06 	8.257550e-01 	1.461371e+06 	9.228930e-01 	1.461571e+06 	8.447920e-01 	
  1.462373e+06 	7.060920e-01 	1.463877e+06 	6.461950e-01 	1.464579e+06 	6.728750e-01 	
  1.465080e+06 	9.849550e-01 	1.465281e+06 	1.025160e+00 	1.466283e+06 	5.932740e-01 	
  1.466784e+06 	5.305270e-01 	1.467586e+06 	5.998810e-01 	1.468589e+06 	9.041170e-01 	
  1.469290e+06 	1.212230e+00 	1.470293e+06 	1.311040e+00 	1.470794e+06 	1.145300e+00 	
  1.471596e+06 	9.900750e-01 	1.471797e+06 	8.207590e-01 	1.472298e+06 	4.187050e-01 	
  1.472599e+06 	3.688680e-01 	1.472799e+06 	3.609520e-01 	1.473601e+06 	3.841600e-01 	
  1.473802e+06 	3.293060e-01 	1.474303e+06 	3.521170e-01 	1.474804e+06 	3.785510e-01 	
  1.475105e+06 	3.197440e-01 	1.476107e+06 	3.021980e-01 	1.477110e+06 	4.424540e-01 	
  1.477811e+06 	5.590360e-01 	1.478313e+06 	8.396240e-01 	1.478614e+06 	8.861040e-01 	
  1.479115e+06 	7.532540e-01 	1.479315e+06 	6.727780e-01 	1.480618e+06 	6.422560e-01 	
  1.481922e+06 	7.131639e-01 	1.482423e+06 	8.628500e-01 	1.483124e+06 	1.206590e+00 	
  1.483926e+06 	1.170400e+00 	1.485430e+06 	8.623590e-01 	1.486232e+06 	8.344480e-01 	
  1.486733e+06 	8.721190e-01 	1.487235e+06 	9.996280e-01 	1.491244e+06 	8.613871e-01 	
  1.492547e+06 	8.943680e-01 	1.493550e+06 	8.712820e-01 	1.494653e+06 	1.199950e+00 	
  1.495655e+06 	1.114790e+00 	1.495856e+06 	1.009210e+00 	1.496958e+06 	9.668930e-01 	
  1.497460e+06 	1.038530e+00 	1.497961e+06 	9.283401e-01 	1.498161e+06 	8.130630e-01 	
  1.498763e+06 	5.327780e-01 	1.499264e+06 	4.479940e-01 	1.499765e+06 	3.580890e-01 	
  1.500768e+06 	3.557860e-01 	1.501068e+06 	3.369040e-01 	1.501570e+06 	3.559160e-01 	
  1.502071e+06 	5.726430e-01 	1.502372e+06 	9.649140e-01 	1.502572e+06 	1.193810e+00 	
  1.502873e+06 	1.063300e+00 	1.503073e+06 	7.441840e-01 	1.503374e+06 	4.264550e-01 	
  1.503575e+06 	3.406830e-01 	1.504377e+06 	3.681230e-01 	1.505379e+06 	3.501470e-01 	
  1.505680e+06 	4.197960e-01 	1.506682e+06 	6.215170e-01 	1.507484e+06 	5.669970e-01 	
  1.507785e+06 	6.164660e-01 	1.508587e+06 	9.888021e-01 	1.508787e+06 	9.659500e-01 	
  1.509589e+06 	7.170800e-01 	1.510091e+06 	7.116260e-01 	1.510391e+06 	7.534760e-01 	
  1.510893e+06 	9.804220e-01 	1.511394e+06 	1.354070e+00 	1.511695e+06 	1.477530e+00 	
  1.512697e+06 	1.214850e+00 	1.514000e+06 	1.299420e+00 	1.514802e+06 	9.793360e-01 	
  1.515303e+06 	8.446680e-01 	1.516105e+06 	8.827189e-01 	1.516406e+06 	9.108860e-01 	
  1.516907e+06 	1.016390e+00 	1.517409e+06 	1.046850e+00 	1.518411e+06 	8.411571e-01 	
  1.519012e+06 	7.798240e-01 	1.519815e+06 	1.020680e+00 	1.520316e+06 	1.039240e+00 	
  1.521920e+06 	8.303230e-01 	1.525027e+06 	1.277830e+00 	1.526330e+06 	1.130890e+00 	
  1.526932e+06 	1.399420e+00 	1.528235e+06 	1.255560e+00 	1.530040e+06 	8.367240e-01 	
  1.530842e+06 	8.751780e-01 	1.531643e+06 	5.341340e-01 	1.531944e+06 	4.301900e-01 	
  1.532145e+06 	3.884630e-01 	1.532446e+06 	4.108110e-01 	1.532746e+06 	5.205250e-01 	
  1.533247e+06 	1.012170e+00 	1.533548e+06 	1.254230e+00 	1.533749e+06 	1.201830e+00 	
  1.534350e+06 	9.091710e-01 	1.535353e+06 	6.662940e-01 	1.535653e+06 	6.739350e-01 	
  1.536756e+06 	6.740370e-01 	1.537758e+06 	5.647260e-01 	1.538861e+06 	5.157150e-01 	
  1.539964e+06 	5.785810e-01 	1.540164e+06 	6.156250e-01 	1.540465e+06 	6.211820e-01 	
  1.541568e+06 	4.670320e-01 	1.541768e+06 	5.025510e-01 	1.542069e+06 	5.866110e-01 	
  1.542871e+06 	1.054100e+00 	1.543673e+06 	1.301640e+00 	1.544475e+06 	1.517440e+00 	
  1.544776e+06 	1.447390e+00 	1.545277e+06 	1.032880e+00 	1.545578e+06 	8.398840e-01 	
  1.546680e+06 	7.550560e-01 	1.546881e+06 	7.086250e-01 	1.547984e+06 	7.121530e-01 	
  1.549086e+06 	9.081530e-01 	1.549587e+06 	9.174470e-01 	1.550189e+06 	7.198730e-01 	
  1.550991e+06 	5.695770e-01 	1.551793e+06 	5.235630e-01 	1.553196e+06 	5.338370e-01 	
  1.553698e+06 	6.006220e-01 	1.554500e+06 	6.835680e-01 	1.554800e+06 	6.449990e-01 	
  1.557206e+06 	9.016029e-01 	1.558610e+06 	8.563950e-01 	1.559411e+06 	7.569430e-01 	
  1.560214e+06 	7.950670e-01 	1.561918e+06 	1.011130e+00 	1.562720e+06 	1.040670e+00 	
  1.562920e+06 	1.062160e+00 	1.563522e+06 	9.174911e-01 	1.564324e+06 	1.108890e+00 	
  1.564625e+06 	1.229450e+00 	1.565727e+06 	1.497910e+00 	1.566529e+06 	1.760440e+00 	
  1.567131e+06 	1.737510e+00 	1.567632e+06 	1.057940e+00 	1.568233e+06 	5.579380e-01 	
  1.568434e+06 	5.103340e-01 	1.568735e+06 	4.990200e-01 	1.569336e+06 	3.869350e-01 	
  1.569536e+06 	3.254230e-01 	1.570639e+06 	2.547220e-01 	1.571742e+06 	3.926590e-01 	
  1.572343e+06 	3.222730e-01 	1.572644e+06 	3.231590e-01 	1.573145e+06 	3.788900e-01 	
  1.573747e+06 	5.333680e-01 	1.574248e+06 	7.971240e-01 	1.574549e+06 	8.770140e-01 	
  1.575351e+06 	8.332100e-01 	1.575652e+06 	7.627010e-01 	1.576754e+06 	7.721640e-01 	
  1.577356e+06 	1.168610e+00 	1.578158e+06 	8.511790e-01 	1.579260e+06 	5.679750e-01 	
  1.579862e+06 	4.754550e-01 	1.580062e+06 	4.499840e-01 	1.580965e+06 	6.920310e-01 	
  1.582067e+06 	7.383350e-01 	1.583471e+06 	1.037020e+00 	1.584273e+06 	1.106210e+00 	
  1.585375e+06 	6.862330e-01 	1.585977e+06 	5.474620e-01 	1.587380e+06 	7.029500e-01 	
  1.588483e+06 	7.208720e-01 	1.589085e+06 	8.407310e-01 	1.589586e+06 	9.012300e-01 	
  1.590187e+06 	5.423841e-01 	1.590989e+06 	6.488360e-01 	1.592393e+06 	7.378060e-01 	
  1.593295e+06 	1.051420e+00 	1.593796e+06 	9.353190e-01 	1.594097e+06 	8.068350e-01 	
  1.594698e+06 	7.338760e-01 	1.595199e+06 	8.530650e-01 	1.595801e+06 	8.466180e-01 	
  1.596102e+06 	8.079010e-01 	1.596904e+06 	1.123150e+00 	1.598107e+06 	9.474510e-01 	
  1.598909e+06 	9.776600e-01 	1.599209e+06 	9.134501e-01 	1.600312e+06 	9.401250e-01 	
  1.601214e+06 	1.054850e+00 	1.602918e+06 	8.884640e-01 	1.603720e+06 	7.393400e-01 	
  1.606026e+06 	6.111610e-01 	1.606327e+06 	6.287060e-01 	1.607430e+06 	7.562910e-01 	
  1.607730e+06 	8.123711e-01 	1.608031e+06 	7.618310e-01 	1.608332e+06 	7.671870e-01 	
  1.609134e+06 	8.203780e-01 	1.609735e+06 	8.319520e-01 	1.610637e+06 	7.235810e-01 	
  1.611139e+06 	6.309720e-01 	1.611740e+06 	6.837490e-01 	1.612342e+06 	8.867420e-01 	
  1.613745e+06 	1.631840e+00 	1.614347e+06 	2.007550e+00 	1.614948e+06 	2.000650e+00 	
  1.615449e+06 	1.298300e+00 	1.615750e+06 	1.119080e+00 	1.616351e+06 	1.047960e+00 	
  1.617254e+06 	1.145980e+00 	1.617755e+06 	1.277010e+00 	1.619259e+06 	5.415531e-01 	
  1.619860e+06 	3.713281e-01 	1.620060e+06 	3.786611e-01 	1.622467e+06 	7.717241e-01 	
  1.622667e+06 	8.167131e-01 	1.622968e+06 	8.463281e-01 	1.624171e+06 	7.418181e-01 	
  1.625374e+06 	5.251741e-01 	1.625875e+06 	4.122351e-01 	1.626176e+06 	3.763221e-01 	
  1.626777e+06 	3.548751e-01 	1.627078e+06 	3.624801e-01 	1.627980e+06 	9.404761e-01 	
  1.628481e+06 	1.420190e+00 	1.629383e+06 	1.136990e+00 	1.629684e+06 	9.535211e-01 	
  1.629985e+06 	8.091741e-01 	1.630887e+06 	5.646391e-01 	1.631188e+06 	5.403821e-01 	
  1.631789e+06 	6.621511e-01 	1.632290e+06 	6.155341e-01 	1.632591e+06 	5.736781e-01 	
  1.633193e+06 	7.343211e-01 	1.633794e+06 	7.222781e-01 	1.634697e+06 	1.188370e+00 	
  1.635498e+06 	8.052081e-01 	1.636100e+06 	9.439931e-01 	1.636701e+06 	1.120020e+00 	
  1.637604e+06 	7.359311e-01 	1.638205e+06 	4.165631e-01 	1.638807e+06 	3.270691e-01 	
  1.639709e+06 	5.127271e-01 	1.639909e+06 	5.675031e-01 	1.642616e+06 	5.060751e-01 	
  1.643217e+06 	5.324411e-01 	1.643819e+06 	7.423191e-01 	1.644120e+06 	7.355651e-01 	
  1.644721e+06 	4.774461e-01 	1.645523e+06 	2.686811e-01 	1.646125e+06 	3.272431e-01 	
  1.647027e+06 	5.248871e-01 	1.647628e+06 	7.637211e-01 	1.648230e+06 	1.041070e+00 	
  1.649433e+06 	1.207540e+00 	1.649733e+06 	1.272320e+00 	1.650034e+06 	1.200580e+00 	
  1.650936e+06 	8.425521e-01 	1.651237e+06 	7.340241e-01 	1.652741e+06 	6.912791e-01 	
  1.653543e+06 	9.166601e-01 	1.654144e+06 	8.677811e-01 	1.655046e+06 	9.285481e-01 	
  1.656851e+06 	1.498960e+00 	1.657452e+06 	1.652080e+00 	1.658054e+06 	1.744830e+00 	
  1.658956e+06 	1.536150e+00 	1.659257e+06 	1.410790e+00 	1.661663e+06 	7.913431e-01 	
  1.662565e+06 	4.465221e-01 	1.662866e+06 	3.992971e-01 	1.663467e+06 	5.065081e-01 	
  1.664369e+06 	1.067900e+00 	1.664670e+06 	1.094650e+00 	1.665271e+06 	8.639661e-01 	
  1.665572e+06 	7.221561e-01 	1.665873e+06 	6.687731e-01 	1.666174e+06 	6.456251e-01 	
  1.666475e+06 	6.963161e-01 	1.667377e+06 	1.397180e+00 	1.668580e+06 	1.082070e+00 	
  1.668880e+06 	9.889661e-01 	1.669482e+06 	9.017231e-01 	1.671286e+06 	9.398801e-01 	
  1.672188e+06 	1.024920e+00 	1.672790e+06 	8.565201e-01 	1.673091e+06 	7.848101e-01 	
  1.673792e+06 	8.574801e-01 	1.674695e+06 	1.015600e+00 	1.676198e+06 	7.811631e-01 	
  1.676863e+06 	8.945227e-01 	1.677100e+06 	9.349231e-01 	1.677401e+06 	1.009250e+00 	
  1.677702e+06 	9.405232e-01 	1.678604e+06 	5.431321e-01 	1.678905e+06 	5.426281e-01 	
  1.679507e+06 	6.251370e-01 	1.680409e+06 	4.019381e-01 	1.680709e+06 	4.760021e-01 	
  1.681010e+06 	6.035821e-01 	1.681411e+06 	7.692671e-01 	1.682314e+06 	4.329461e-01 	
  1.683516e+06 	3.123651e-01 	1.683817e+06 	3.149191e-01 	1.684418e+06 	3.551441e-01 	
  1.685020e+06 	5.018581e-01 	1.685321e+06 	7.035941e-01 	1.685622e+06 	9.448171e-01 	
  1.686223e+06 	8.355731e-01 	1.686624e+06 	6.326611e-01 	1.687526e+06 	5.957681e-01 	
  1.688729e+06 	7.109431e-01 	1.689932e+06 	5.429531e-01 	1.690533e+06 	4.830781e-01 	
  1.691536e+06 	4.505701e-01 	1.691837e+06 	3.937061e-01 	1.692438e+06 	4.845881e-01 	
  1.693040e+06 	8.853031e-01 	1.693942e+06 	5.801081e-01 	1.694543e+06 	5.760501e-01 	
  1.695546e+06 	8.039111e-01 	1.695846e+06 	6.715121e-01 	1.696448e+06 	6.711801e-01 	
  1.697350e+06 	1.114490e+00 	1.697651e+06 	1.162320e+00 	1.698954e+06 	1.087600e+00 	
  1.699556e+06 	1.073680e+00 	1.700157e+06 	9.748441e-01 	1.701059e+06 	1.093470e+00 	
  1.702362e+06 	7.545851e-01 	1.702964e+06 	5.178381e-01 	1.703866e+06 	4.546801e-01 	
  1.704869e+06 	5.578231e-01 	1.705470e+06 	5.508801e-01 	1.706071e+06 	6.344621e-01 	
  1.707676e+06 	7.916551e-01 	1.708879e+06 	7.697551e-01 	1.709881e+06 	6.681021e-01 	
  1.710482e+06 	5.614841e-01 	1.711084e+06 	4.266711e-01 	1.712086e+06 	7.618051e-01 	
  1.712688e+06 	7.703131e-01 	1.713590e+06 	7.274451e-01 	1.714593e+06 	5.394381e-01 	
  1.715495e+06 	4.116411e-01 	1.715796e+06 	3.235751e-01 	1.716497e+06 	4.714391e-01 	
  1.717400e+06 	9.700351e-01 	1.717701e+06 	8.921451e-01 	1.718302e+06 	6.136891e-01 	
  1.718703e+06 	5.803651e-01 	1.719906e+06 	7.452171e-01 	1.720206e+06 	7.832641e-01 	
  1.720908e+06 	6.155131e-01 	1.721209e+06 	5.958061e-01 	1.722111e+06 	7.038401e-01 	
  1.723414e+06 	8.404911e-01 	1.725018e+06 	4.169971e-01 	1.725620e+06 	3.278161e-01 	
  1.726322e+06 	3.050321e-01 	1.726622e+06 	3.056381e-01 	1.727825e+06 	3.851931e-01 	
  1.728527e+06 	4.775331e-01 	1.729128e+06 	5.021011e-01 	1.730131e+06 	6.406441e-01 	
  1.731333e+06 	1.086520e+00 	1.732336e+06 	5.626821e-01 	1.732938e+06 	4.964661e-01 	
  1.733639e+06 	4.843881e-01 	1.736446e+06 	8.012501e-01 	1.738752e+06 	5.009981e-01 	
  1.739053e+06 	5.704531e-01 	1.739354e+06 	5.590651e-01 	1.740356e+06 	2.507121e-01 	
  1.740657e+06 	2.769711e-01 	1.740957e+06 	3.936601e-01 	1.741358e+06 	4.959251e-01 	
  1.741960e+06 	4.107821e-01 	1.742260e+06 	3.845701e-01 	1.742962e+06 	4.467771e-01 	
  1.743564e+06 	7.055931e-01 	1.744265e+06 	9.012221e-01 	1.745468e+06 	8.564471e-01 	
  1.747173e+06 	7.594361e-01 	1.748075e+06 	5.657901e-01 	1.748476e+06 	4.892811e-01 	
  1.748777e+06 	5.318852e-01 	1.749077e+06 	6.057011e-01 	1.750380e+06 	1.179930e+00 	
  1.752686e+06 	1.160000e+00 	1.753288e+06 	1.077230e+00 	1.753989e+06 	8.204881e-01 	
  1.754290e+06 	6.296071e-01 	1.754591e+06 	5.301551e-01 	1.755894e+06 	7.276551e-01 	
  1.756596e+06 	6.336811e-01 	1.757197e+06 	5.722001e-01 	1.758200e+06 	5.502271e-01 	
  1.758901e+06 	5.940931e-01 	1.760505e+06 	6.491931e-01 	1.761808e+06 	1.060390e+00 	
  1.762109e+06 	1.208610e+00 	1.763111e+06 	1.229820e+00 	1.764114e+06 	9.516091e-01 	
  1.765116e+06 	1.066050e+00 	1.765718e+06 	8.822071e-01 	1.766720e+06 	5.997101e-01 	
  1.767723e+06 	4.713771e-01 	1.768425e+06 	4.594141e-01 	1.769026e+06 	5.379371e-01 	
  1.770329e+06 	3.633121e-01 	1.771332e+06 	4.289221e-01 	1.772334e+06 	3.546981e-01 	
  1.773036e+06 	4.522991e-01 	1.773337e+06 	6.165151e-01 	1.773637e+06 	7.254621e-01 	
  1.774038e+06 	7.854511e-01 	1.775642e+06 	6.374371e-01 	1.776645e+06 	5.162511e-01 	
  1.777647e+06 	5.233241e-01 	1.778950e+06 	6.459711e-01 	1.779652e+06 	7.947181e-01 	
  1.780354e+06 	1.016490e+00 	1.780655e+06 	1.289110e+00 	1.781357e+06 	1.413370e+00 	
  1.782359e+06 	8.064880e-01 	1.782660e+06 	7.214691e-01 	1.782960e+06 	7.110631e-01 	
  1.783963e+06 	8.632951e-01 	1.785667e+06 	5.627811e-01 	1.786669e+06 	4.367471e-01 	
  1.786970e+06 	3.951341e-01 	1.787973e+06 	2.833911e-01 	1.788675e+06 	4.207461e-01 	
  1.788975e+06 	4.813381e-01 	1.790379e+06 	5.380211e-01 	1.792684e+06 	4.300611e-01 	
  1.793386e+06 	3.120891e-01 	1.793687e+06 	2.719251e-01 	1.794088e+06 	2.324881e-01 	
  1.795090e+06 	1.812621e-01 	1.796093e+06 	2.009461e-01 	1.796794e+06 	2.568231e-01 	
  1.797296e+06 	2.985511e-01 	1.798398e+06 	3.937581e-01 	1.799501e+06 	4.268001e-01 	
  1.799802e+06 	4.110101e-01 	1.800503e+06 	4.394961e-01 	1.801506e+06 	3.034451e-01 	
  1.801807e+06 	2.774791e-01 	1.802508e+06 	2.799491e-01 	1.803210e+06 	3.738541e-01 	
  1.803912e+06 	5.914141e-01 	1.804213e+06 	7.225621e-01 	1.804914e+06 	6.619651e-01 	
  1.806618e+06 	6.606401e-01 	1.807621e+06 	8.532061e-01 	1.808323e+06 	4.965171e-01 	
  1.809325e+06 	4.113901e-01 	1.810027e+06 	5.973291e-01 	1.810328e+06 	7.665311e-01 	
  1.811731e+06 	4.325371e-01 	1.812433e+06 	4.149031e-01 	1.813736e+06 	4.094921e-01 	
  1.814739e+06 	5.690401e-01 	1.815841e+06 	6.683261e-01 	1.816843e+06 	4.317851e-01 	
  1.817846e+06 	3.744351e-01 	1.818548e+06 	3.886321e-01 	1.819250e+06 	6.116971e-01 	
  1.820252e+06 	2.914991e-01 	1.820954e+06 	2.637121e-01 	1.821355e+06 	4.057931e-01 	
  1.821956e+06 	1.029640e+00 	1.822658e+06 	7.222411e-01 	1.823059e+06 	4.751311e-01 	
  1.823761e+06 	2.977631e-01 	1.824061e+06 	2.565051e-01 	1.824763e+06 	2.953441e-01 	
  1.825465e+06 	4.375611e-01 	1.826166e+06 	3.658321e-01 	1.827169e+06 	6.415171e-01 	
  1.828272e+06 	5.401951e-01 	1.828973e+06 	6.285311e-01 	1.829976e+06 	5.387991e-01 	
  1.830677e+06 	7.614811e-01 	1.831680e+06 	6.082461e-01 	1.832081e+06 	5.587301e-01 	
  1.833083e+06 	5.566731e-01 	1.833785e+06 	4.315341e-01 	1.834788e+06 	2.977821e-01 	
  1.835189e+06 	3.265051e-01 	1.835490e+06 	3.192581e-01 	1.835890e+06 	3.178831e-01 	
  1.836592e+06 	4.531111e-01 	1.837594e+06 	3.592691e-01 	1.838296e+06 	3.948641e-01 	
  1.838998e+06 	5.028261e-01 	1.840101e+06 	7.099001e-01 	1.841504e+06 	8.508341e-01 	
  1.842206e+06 	8.747851e-01 	1.842907e+06 	7.669291e-01 	1.843609e+06 	8.575460e-01 	
  1.844612e+06 	5.964941e-01 	1.845313e+06 	7.509531e-01 	1.846015e+06 	5.074351e-01 	
  1.846416e+06 	4.294671e-01 	1.846717e+06 	4.191571e-01 	1.847419e+06 	6.186251e-01 	
  1.847820e+06 	8.021491e-01 	1.848521e+06 	8.212071e-01 	1.848822e+06 	1.003270e+00 	
  1.849223e+06 	1.152440e+00 	1.849524e+06 	9.634821e-01 	1.849925e+06 	8.685970e-01 	
  1.850927e+06 	1.216590e+00 	1.851328e+06 	1.217260e+00 	1.852030e+06 	1.030280e+00 	
  1.853133e+06 	9.285431e-01 	1.853834e+06 	8.910531e-01 	1.854837e+06 	1.113830e+00 	
  1.856641e+06 	7.829481e-01 	1.857343e+06 	6.295691e-01 	1.858045e+06 	6.450172e-01 	
  1.860551e+06 	5.265531e-01 	1.861654e+06 	5.563311e-01 	1.862656e+06 	8.393871e-01 	
  1.863057e+06 	8.073931e-01 	1.863358e+06 	7.181941e-01 	1.863759e+06 	6.577981e-01 	
  1.864160e+06 	6.632761e-01 	1.864861e+06 	8.139031e-01 	1.865563e+06 	1.155180e+00 	
  1.866265e+06 	1.226420e+00 	1.867668e+06 	9.465611e-01 	1.868069e+06 	9.309551e-01 	
  1.870575e+06 	1.068870e+00 	1.873082e+06 	1.517860e+00 	1.874184e+06 	1.348860e+00 	
  1.875588e+06 	1.554920e+00 	1.877392e+06 	1.554790e+00 	1.879115e+06 	1.247852e+00 	
  1.879598e+06 	1.161810e+00 	1.881001e+06 	1.316720e+00 	1.882505e+06 	7.869561e-01 	
  1.883207e+06 	4.545021e-01 	1.884309e+06 	3.865611e-01 	1.884610e+06 	3.616031e-01 	
  1.885713e+06 	4.513541e-01 	1.886815e+06 	6.671111e-01 	1.887517e+06 	7.629881e-01 	
  1.887918e+06 	7.433491e-01 	1.889322e+06 	4.684941e-01 	1.890424e+06 	4.377661e-01 	
  1.891226e+06 	3.504681e-01 	1.891928e+06 	3.802411e-01 	1.892630e+06 	4.472851e-01 	
  1.893031e+06 	5.991261e-01 	1.893331e+06 	7.982491e-01 	1.894133e+06 	5.000701e-01 	
  1.894434e+06 	4.222661e-01 	1.895537e+06 	3.594171e-01 	1.896339e+06 	3.605571e-01 	
  1.896639e+06 	3.558981e-01 	1.897040e+06 	3.885081e-01 	1.898143e+06 	5.527421e-01 	
  1.899546e+06 	6.588681e-01 	1.899948e+06 	6.038291e-01 	1.900348e+06 	6.255541e-01 	
  1.901451e+06 	1.099010e+00 	1.902955e+06 	9.829421e-01 	1.904358e+06 	1.136690e+00 	
  1.905160e+06 	1.059520e+00 	1.906564e+06 	4.659971e-01 	1.907366e+06 	3.380461e-01 	
  1.907667e+06 	3.298081e-01 	1.908068e+06 	3.858861e-01 	1.908769e+06 	5.298371e-01 	
  1.909571e+06 	6.163801e-01 	1.910273e+06 	5.116041e-01 	1.911075e+06 	4.169821e-01 	
  1.911777e+06 	4.460161e-01 	1.912478e+06 	8.152841e-01 	1.913280e+06 	7.555801e-01 	
  1.913982e+06 	4.386441e-01 	1.915085e+06 	4.927221e-01 	1.915887e+06 	5.330381e-01 	
  1.916990e+06 	6.348371e-01 	1.917390e+06 	6.484731e-01 	1.917691e+06 	6.527891e-01 	
  1.918092e+06 	8.780520e-01 	1.918794e+06 	1.327520e+00 	1.920298e+06 	1.186900e+00 	
  1.921801e+06 	6.112251e-01 	1.923305e+06 	3.503541e-01 	1.924107e+06 	3.145241e-01 	
  1.925210e+06 	4.779481e-01 	1.925911e+06 	3.772511e-01 	1.926312e+06 	4.818781e-01 	
  1.927114e+06 	7.187882e-01 	1.927816e+06 	6.822961e-01 	1.928518e+06 	7.418491e-01 	
  1.929320e+06 	9.478211e-01 	1.930422e+06 	1.307990e+00 	1.931625e+06 	1.135950e+00 	
  1.932728e+06 	1.180990e+00 	1.934232e+06 	1.344070e+00 	1.936838e+06 	1.242360e+00 	
  1.938041e+06 	1.124730e+00 	1.939545e+06 	1.167600e+00 	1.940246e+06 	1.330180e+00 	
  1.941043e+06 	1.184984e+00 	1.941449e+06 	1.111020e+00 	1.941750e+06 	1.032580e+00 	
  1.942552e+06 	1.107980e+00 	1.943254e+06 	7.299551e-01 	1.944056e+06 	5.498251e-01 	
  1.944858e+06 	5.435141e-01 	1.945961e+06 	8.848431e-01 	1.946762e+06 	7.883891e-01 	
  1.947063e+06 	7.650921e-01 	1.947865e+06 	9.808810e-01 	1.948266e+06 	1.014770e+00 	
  1.948968e+06 	6.230881e-01 	1.949369e+06 	5.077011e-01 	1.950171e+06 	3.637731e-01 	
  1.950973e+06 	4.005781e-01 	1.951674e+06 	5.923501e-01 	1.952477e+06 	1.245950e+00 	
  1.953579e+06 	1.024610e+00 	1.955484e+06 	9.153861e-01 	1.959794e+06 	1.053650e+00 	
  1.961298e+06 	1.293880e+00 	1.962100e+06 	1.325620e+00 	1.964005e+06 	9.155440e-01 	
  1.964807e+06 	8.614071e-01 	1.965508e+06 	1.067940e+00 	1.966310e+06 	8.449822e-01 	
  1.968215e+06 	5.358451e-01 	1.969017e+06 	4.951981e-01 	1.969819e+06 	5.300521e-01 	
  1.970220e+06 	5.821771e-01 	1.971323e+06 	1.021170e+00 	1.972125e+06 	1.252500e+00 	
  1.973328e+06 	1.012400e+00 	1.973629e+06 	1.002620e+00 	1.975232e+06 	1.386490e+00 	
  1.975633e+06 	1.328890e+00 	1.976836e+06 	9.174151e-01 	1.977137e+06 	8.678541e-01 	
  1.977939e+06 	5.843591e-01 	1.978340e+06 	4.567671e-01 	1.978741e+06 	4.071161e-01 	
  1.979543e+06 	3.815231e-01 	1.980646e+06 	5.455341e-01 	1.981046e+06 	6.458261e-01 	
  1.981448e+06 	6.009761e-01 	1.982650e+06 	6.195071e-01 	1.984655e+06 	1.080780e+00 	
  1.985758e+06 	1.397410e+00 	1.988966e+06 	7.025121e-01 	1.989367e+06 	7.313111e-01 	
  1.990871e+06 	1.292910e+00 	1.991272e+06 	1.270890e+00 	1.992876e+06 	6.374181e-01 	
  1.993277e+06 	5.469961e-01 	1.994880e+06 	1.027500e+00 	1.995983e+06 	1.121010e+00 	
  1.999993e+06 	5.867551e-01 	2.000795e+06 	5.898541e-01 	2.001597e+06 	6.899941e-01 	
  2.003201e+06 	1.190570e+00 	2.004003e+06 	8.898731e-01 	2.004805e+06 	6.212571e-01 	
  2.005206e+06 	6.480531e-01 	2.005607e+06 	8.457770e-01 	2.005908e+06 	1.109340e+00 	
  2.006309e+06 	1.370840e+00 	2.007512e+06 	1.351580e+00 	2.007912e+06 	1.270340e+00 	
  2.009115e+06 	1.324160e+00 	2.009516e+06 	1.466230e+00 	2.011120e+06 	1.110500e+00 	
  2.012323e+06 	1.033760e+00 	2.013526e+06 	1.251220e+00 	2.013927e+06 	1.371050e+00 	
  2.015130e+06 	1.078960e+00 	2.015531e+06 	8.925401e-01 	2.016333e+06 	9.398761e-01 	
  2.017536e+06 	7.007881e-01 	2.019942e+06 	5.681461e-01 	2.021145e+06 	6.262631e-01 	
  2.022348e+06 	7.304631e-01 	2.022749e+06 	8.501981e-01 	2.023250e+06 	1.059760e+00 	
  2.024052e+06 	1.650330e+00 	2.024453e+06 	1.647050e+00 	2.024854e+06 	1.543560e+00 	
  2.025656e+06 	1.119850e+00 	2.026057e+06 	8.584061e-01 	2.028062e+06 	9.050262e-01 	
  2.028864e+06 	7.881261e-01 	2.029265e+06 	7.923211e-01 	2.030171e+06 	1.035607e+00 	
  2.030468e+06 	1.115360e+00 	2.033375e+06 	1.406210e+00 	2.034979e+06 	1.093330e+00 	
  2.036182e+06 	1.150950e+00 	2.037385e+06 	1.564320e+00 	2.037786e+06 	1.614340e+00 	
  2.038989e+06 	1.381120e+00 	2.041094e+06 	1.608630e+00 	2.043901e+06 	1.217020e+00 	
  2.044803e+06 	1.318110e+00 	2.045605e+06 	9.979931e-01 	2.046407e+06 	8.139241e-01 	
  2.048913e+06 	6.019661e-01 	2.049314e+06 	6.110771e-01 	2.050918e+06 	5.075921e-01 	
  2.052622e+06 	4.889071e-01 	2.053825e+06 	6.343781e-01 	2.054627e+06 	8.196881e-01 	
  2.055429e+06 	9.530611e-01 	2.056733e+06 	1.200260e+00 	2.057534e+06 	1.457660e+00 	
  2.058737e+06 	1.644260e+00 	2.062948e+06 	9.676151e-01 	2.064151e+06 	8.418361e-01 	
  2.065053e+06 	1.077100e+00 	2.065454e+06 	1.092250e+00 	2.066256e+06 	7.911611e-01 	
  2.067559e+06 	9.008731e-01 	2.069564e+06 	8.211961e-01 	2.070065e+06 	8.761841e-01 	
  2.070867e+06 	1.129800e+00 	2.072070e+06 	1.263960e+00 	2.072972e+06 	1.228800e+00 	
  2.073774e+06 	1.024750e+00 	2.074576e+06 	9.333581e-01 	2.076681e+06 	8.533191e-01 	
  2.079689e+06 	1.323490e+00 	2.080090e+06 	1.330020e+00 	2.082596e+06 	7.991161e-01 	
  2.083498e+06 	7.692911e-01 	2.084701e+06 	1.012870e+00 	2.085603e+06 	9.888351e-01 	
  2.086806e+06 	7.255721e-01 	2.088109e+06 	7.246801e-01 	2.088510e+06 	8.076911e-01 	
  2.088912e+06 	1.010700e+00 	2.089814e+06 	1.171000e+00 	2.093623e+06 	6.769701e-01 	
  2.095327e+06 	7.823661e-01 	2.095728e+06 	8.113561e-01 	2.097031e+06 	1.106770e+00 	
  2.098736e+06 	1.109960e+00 	2.099538e+06 	1.066960e+00 	2.100440e+06 	1.210350e+00 	
  2.101242e+06 	1.047950e+00 	2.102545e+06 	1.261990e+00 	2.103848e+06 	1.568570e+00 	
  2.104750e+06 	1.814690e+00 	2.106455e+06 	1.032880e+00 	2.106855e+06 	9.106241e-01 	
  2.109863e+06 	5.282391e-01 	2.112870e+06 	7.792281e-01 	2.117181e+06 	1.263880e+00 	
  2.118484e+06 	1.365060e+00 	2.119386e+06 	1.067140e+00 	2.119787e+06 	9.789971e-01 	
  2.121491e+06 	7.550661e-01 	2.122393e+06 	7.165761e-01 	2.122705e+06 	7.552371e-01 	
  2.123296e+06 	8.344739e-01 	2.124350e+06 	1.139549e+00 	2.124599e+06 	1.209018e+00 	
  2.126704e+06 	1.140517e+00 	2.128910e+06 	9.360203e-01 	2.129812e+06 	1.059551e+00 	
  2.132819e+06 	9.525714e-01 	2.135025e+06 	8.674113e-01 	2.136729e+06 	1.038293e+00 	
  2.138533e+06 	1.434061e+00 	2.140738e+06 	1.490572e+00 	2.143345e+06 	1.021083e+00 	
  2.144648e+06 	9.974285e-01 	2.145060e+06 	9.478439e-01 	2.145550e+06 	8.881205e-01 	
  2.146453e+06 	1.117172e+00 	2.146853e+06 	1.266400e+00 	2.148157e+06 	1.158696e+00 	
  2.149240e+06 	1.122714e+00 	2.149560e+06 	1.113287e+00 	2.150462e+06 	9.627683e-01 	
  2.151264e+06 	9.358118e-01 	2.153069e+06 	1.248268e+00 	2.153430e+06 	1.251939e+00 	
  2.153470e+06 	1.252250e+00 	2.156176e+06 	1.296615e+00 	2.157640e+06 	1.040457e+00 	
  2.157981e+06 	9.816535e-01 	2.158382e+06 	1.003018e+00 	2.160186e+06 	8.703610e-01 	
  2.161088e+06 	7.595379e-01 	2.161850e+06 	7.874455e-01 	2.162392e+06 	8.050163e-01 	
  2.162893e+06 	8.690868e-01 	2.163795e+06 	8.624132e-01 	2.164597e+06 	6.498315e-01 	
  2.164949e+06 	6.003671e-01 	2.165098e+06 	5.794291e-01 	2.166001e+06 	6.846542e-01 	
  2.166080e+06 	7.209165e-01 	2.166402e+06 	8.695478e-01 	2.166903e+06 	1.085430e+00 	
  2.167805e+06 	1.338047e+00 	2.169610e+06 	1.188723e+00 	2.171815e+06 	1.687125e+00 	
  2.172717e+06 	1.658952e+00 	2.174009e+06 	1.242008e+00 	2.174570e+06 	1.060966e+00 	
  2.174922e+06 	9.480224e-01 	2.176326e+06 	8.940777e-01 	2.177228e+06 	1.012887e+00 	
  2.180837e+06 	9.015623e-01 	2.181238e+06 	8.460149e-01 	2.181739e+06 	8.318876e-01 	
  2.183120e+06 	1.046007e+00 	2.183544e+06 	1.110613e+00 	2.184446e+06 	9.748189e-01 	
  2.184847e+06 	9.837465e-01 	2.185749e+06 	1.334219e+00 	2.186250e+06 	1.480978e+00 	
  2.187410e+06 	1.321302e+00 	2.189458e+06 	1.044790e+00 	2.191262e+06 	1.013692e+00 	
  2.191710e+06 	1.038473e+00 	2.192165e+06 	1.060037e+00 	2.193067e+06 	1.033054e+00 	
  2.194471e+06 	6.537490e-01 	2.195373e+06 	9.678301e-01 	2.195774e+06 	9.466262e-01 	
  2.196030e+06 	9.678580e-01 	2.197678e+06 	1.111035e+00 	2.198079e+06 	1.102433e+00 	
  2.198982e+06 	8.615994e-01 	2.200360e+06 	8.391609e-01 	2.201287e+06 	8.271494e-01 	
  2.203593e+06 	1.236432e+00 	2.204996e+06 	1.344158e+00 	2.205899e+06 	1.240993e+00 	
  2.207302e+06 	1.568908e+00 	2.207703e+06 	1.786020e+00 	2.208605e+06 	1.912654e+00 	
  2.209060e+06 	1.666510e+00 	2.210510e+06 	8.840480e-01 	2.210911e+06 	7.911026e-01 	
  2.212816e+06 	5.960742e-01 	2.213420e+06 	5.853395e-01 	2.213718e+06 	5.779108e-01 	
  2.215121e+06 	5.877418e-01 	2.215522e+06 	5.753770e-01 	2.216023e+06 	5.378263e-01 	
  2.216925e+06 	7.231229e-01 	2.217800e+06 	8.227000e-01 	2.219231e+06 	9.939987e-01 	
  2.222038e+06 	9.042716e-01 	2.222539e+06 	8.954035e-01 	2.224344e+06 	5.505337e-01 	
  2.224845e+06 	5.391736e-01 	2.225346e+06 	5.635124e-01 	2.226600e+06 	7.144648e-01 	
  2.226750e+06 	7.320313e-01 	2.227652e+06 	9.965241e-01 	2.229958e+06 	1.142205e+00 	
  2.230960e+06 	1.271600e+00 	2.232363e+06 	1.061684e+00 	2.233266e+06 	7.602906e-01 	
  2.233767e+06 	6.747649e-01 	2.234669e+06 	7.524707e-01 	2.235460e+06 	5.889958e-01 	
  2.235571e+06 	5.663763e-01 	2.236574e+06 	6.390836e-01 	2.237476e+06 	9.122309e-01 	
  2.238879e+06 	1.057539e+00 	2.239381e+06 	1.025390e+00 	2.239900e+06 	1.100480e+00 	
  2.240784e+06 	1.226027e+00 	2.242689e+06 	9.496642e-01 	2.244092e+06 	8.380109e-01 	
  2.244360e+06 	7.968863e-01 	2.244995e+06 	7.035990e-01 	2.246398e+06 	7.041421e-01 	
  2.247400e+06 	7.646247e-01 	2.248302e+06 	8.425815e-01 	2.248840e+06 	9.359403e-01 	
  2.249706e+06 	1.078069e+00 	2.250207e+06 	1.045280e+00 	2.251611e+06 	7.104257e-01 	
  2.253320e+06 	6.450712e-01 	2.253515e+06 	6.383149e-01 	2.255420e+06 	5.011831e-01 	
  2.256423e+06 	5.778681e-01 	2.257325e+06 	7.929353e-01 	2.259229e+06 	6.504361e-01 	
  2.259731e+06 	5.868737e-01 	2.260231e+06 	5.740346e-01 	2.262136e+06 	9.298648e-01 	
  2.262340e+06 	9.556093e-01 	2.263540e+06 	1.111414e+00 	2.264442e+06 	1.507640e+00 	
  2.265946e+06 	1.674925e+00 	2.266860e+06 	1.461044e+00 	2.267349e+06 	1.343307e+00 	
  2.267850e+06 	1.119823e+00 	2.269254e+06 	1.231120e+00 	2.271159e+06 	1.275402e+00 	
  2.271410e+06 	1.268209e+00 	2.273063e+06 	1.230791e+00 	2.274567e+06 	1.044609e+00 	
  2.275469e+06 	8.446867e-01 	2.275970e+06 	7.957956e-01 	2.276973e+06 	9.008777e-01 	
  2.277474e+06 	9.607286e-01 	2.277975e+06 	8.475665e-01 	2.278878e+06 	7.347127e-01 	
  2.279379e+06 	7.978177e-01 	2.280381e+06 	1.097620e+00 	2.280530e+06 	1.110107e+00 	
  2.280782e+06 	1.129470e+00 	2.282286e+06 	1.026540e+00 	2.283689e+06 	7.162968e-01 	
  2.285110e+06 	7.349255e-01 	2.285193e+06 	7.363271e-01 	2.286196e+06 	8.734811e-01 	
  2.288100e+06 	1.178718e+00 	2.289103e+06 	1.213981e+00 	2.289710e+06 	1.219500e+00 	
  2.294416e+06 	1.279654e+00 	2.295418e+06 	1.113585e+00 	2.297323e+06 	8.973809e-01 	
  2.298827e+06 	6.320563e-01 	2.298940e+06 	6.552323e-01 	2.300731e+06 	1.016595e+00 	
  2.301734e+06 	1.274725e+00 	2.303580e+06 	1.317826e+00 	2.304641e+06 	1.338172e+00 	
  2.307147e+06 	1.145878e+00 	2.308150e+06 	1.320536e+00 	2.308230e+06 	1.327471e+00 	
  2.309152e+06 	1.414803e+00 	2.311057e+06 	1.024395e+00 	2.316069e+06 	1.580621e+00 	
  2.317570e+06 	1.365173e+00 	2.318475e+06 	1.230285e+00 	2.319477e+06 	1.027446e+00 	
  2.320981e+06 	8.761748e-01 	2.323988e+06 	8.669215e-01 	2.325993e+06 	8.764784e-01 	
  2.326980e+06 	9.991547e-01 	2.327397e+06 	1.051687e+00 	2.328901e+06 	8.503372e-01 	
  2.329402e+06 	8.057465e-01 	2.330404e+06 	1.017701e+00 	2.331908e+06 	7.950418e-01 	
  2.333412e+06 	9.673213e-01 	2.334414e+06 	1.154298e+00 	2.335417e+06 	9.977632e-01 	
  2.336440e+06 	1.069505e+00 	2.337421e+06 	1.139343e+00 	2.338424e+06 	7.884498e-01 	
  2.339927e+06 	5.387022e-01 	2.344940e+06 	1.251987e+00 	2.345950e+06 	1.438372e+00 	
  2.346443e+06 	1.531258e+00 	2.349050e+06 	1.097376e+00 	2.350554e+06 	8.320535e-01 	
  2.350730e+06 	8.272894e-01 	2.351556e+06 	7.997157e-01 	2.352558e+06 	6.161647e-01 	
  2.354563e+06 	6.689958e-01 	2.355530e+06 	7.227246e-01 	2.355566e+06 	7.248659e-01 	
  2.356568e+06 	5.440494e-01 	2.357571e+06 	5.687538e-01 	2.358172e+06 	7.505713e-01 	
  2.358674e+06 	1.009150e+00 	2.359174e+06 	1.141572e+00 	2.359676e+06 	1.071887e+00 	
  2.360678e+06 	8.636974e-01 	2.363184e+06 	7.851596e-01 	2.364287e+06 	7.073723e-01 	
  2.364789e+06 	7.100926e-01 	2.365170e+06 	6.833315e-01 	2.366292e+06 	5.964123e-01 	
  2.366793e+06 	6.679198e-01 	2.367295e+06 	6.785221e-01 	2.368297e+06 	5.820940e-01 	
  2.369901e+06 	6.057196e-01 	2.370010e+06 	6.280079e-01 	2.370903e+06 	8.187681e-01 	
  2.371906e+06 	9.444024e-01 	2.372017e+06 	9.349671e-01 	2.372908e+06 	8.592297e-01 	
  2.373911e+06 	6.453350e-01 	2.374860e+06 	5.976262e-01 	2.375013e+06 	5.886609e-01 	
  2.375515e+06 	7.266643e-01 	2.376000e+06 	8.814221e-01 	2.376517e+06 	1.046392e+00 	
  2.377018e+06 	1.018759e+00 	2.378021e+06 	8.239778e-01 	2.378623e+06 	8.911057e-01 	
  2.379625e+06 	1.094051e+00 	2.379730e+06 	1.096441e+00 	2.380627e+06 	1.123343e+00 	
  2.382231e+06 	9.459691e-01 	2.383234e+06 	1.025656e+00 	2.384610e+06 	1.073430e+00 	
  2.385339e+06 	1.096332e+00 	2.385658e+06 	1.109168e+00 	2.388948e+06 	1.241548e+00 	
  2.389950e+06 	1.384057e+00 	2.390452e+06 	1.341751e+00 	2.391554e+06 	1.002268e+00 	
  2.392557e+06 	8.608398e-01 	2.394060e+06 	7.197710e-01 	2.394430e+06 	7.293471e-01 	
  2.394661e+06 	7.363498e-01 	2.396165e+06 	9.606459e-01 	2.398271e+06 	1.051637e+00 	
  2.399360e+06 	1.053794e+00 	2.400000e+06 	1.050209e+00 	2.404300e+06 	1.026111e+00 	
  2.419230e+06 	9.962935e-01 	2.422277e+06 	9.943425e-01 	2.424240e+06 	9.930856e-01 	
  2.424954e+06 	9.877399e-01 	2.429260e+06 	9.555011e-01 	2.434300e+06 	9.583392e-01 	
  2.439350e+06 	8.914197e-01 	2.439716e+06 	8.942548e-01 	2.449510e+06 	9.701213e-01 	
  2.454610e+06 	9.913141e-01 	2.459730e+06 	1.059381e+00 	2.464860e+06 	1.060248e+00 	
  2.470010e+06 	1.108625e+00 	2.475180e+06 	1.135671e+00 	2.480360e+06 	1.190105e+00 	
  2.485560e+06 	1.153220e+00 	2.488581e+06 	1.145769e+00 	2.490770e+06 	1.140370e+00 	
  2.501250e+06 	1.060846e+00 	2.506510e+06 	1.092795e+00 	2.511800e+06 	1.082986e+00 	
  2.517090e+06 	1.134575e+00 	2.522410e+06 	1.129546e+00 	2.527740e+06 	1.181949e+00 	
  2.533090e+06 	1.209266e+00 	2.543830e+06 	1.222487e+00 	2.545082e+06 	1.209257e+00 	
  2.549230e+06 	1.165425e+00 	2.550000e+06 	1.162892e+00 	2.554650e+06 	1.147595e+00 	
  2.560080e+06 	1.069619e+00 	2.571010e+06 	9.926210e-01 	2.576490e+06 	9.430325e-01 	
  2.582000e+06 	9.165940e-01 	2.587520e+06 	8.170426e-01 	2.598610e+06 	9.466898e-01 	
  2.604190e+06 	9.620492e-01 	2.609780e+06 	1.009131e+00 	2.615390e+06 	1.019425e+00 	
  2.626670e+06 	9.473049e-01 	2.632340e+06 	9.589407e-01 	2.643720e+06 	1.081375e+00 	
  2.649440e+06 	1.088702e+00 	2.655180e+06 	1.179608e+00 	2.666720e+06 	1.093468e+00 	
  2.672520e+06 	1.007570e+00 	2.678330e+06 	9.598141e-01 	2.684170e+06 	1.013191e+00 	
  2.690020e+06 	1.035100e+00 	2.700000e+06 	1.100723e+00 	2.701780e+06 	1.112427e+00 	
  2.705513e+06 	1.111054e+00 	2.707690e+06 	1.113246e+00 	2.713630e+06 	1.095757e+00 	
  2.714076e+06 	1.092148e+00 	2.719580e+06 	1.047606e+00 	2.725540e+06 	1.050863e+00 	
  2.737540e+06 	9.747255e-01 	2.743570e+06 	9.231219e-01 	2.749620e+06 	9.145766e-01 	
  2.755690e+06 	9.199987e-01 	2.761780e+06 	9.435899e-01 	2.767890e+06 	9.451521e-01 	
  2.780170e+06 	9.995558e-01 	2.786340e+06 	1.017369e+00 	2.792530e+06 	9.942586e-01 	
  2.798740e+06 	9.953617e-01 	2.800000e+06 	9.977139e-01 	2.804980e+06 	1.001427e+00 	
  2.817510e+06 	1.089010e+00 	2.836460e+06 	1.097893e+00 	2.842820e+06 	1.133873e+00 	
  2.855600e+06 	1.141722e+00 	2.868470e+06 	1.239955e+00 	2.874940e+06 	1.237895e+00 	
  2.881430e+06 	1.194008e+00 	2.887940e+06 	1.227955e+00 	2.894470e+06 	1.192300e+00 	
  2.901030e+06 	1.116321e+00 	2.907610e+06 	1.156275e+00 	2.914210e+06 	1.165019e+00 	
  2.920830e+06 	1.235314e+00 	2.927480e+06 	1.256056e+00 	2.934150e+06 	1.196389e+00 	
  2.940840e+06 	1.235122e+00 	2.954290e+06 	1.075891e+00 	2.965123e+06 	1.119424e+00 	
  2.967830e+06 	1.130303e+00 	2.974640e+06 	1.147424e+00 	2.981470e+06 	1.194537e+00 	
  2.988330e+06 	1.180348e+00 	2.992207e+06 	1.200171e+00 	2.994544e+06 	1.212121e+00 	
  3.000000e+06 	1.243635e+00 	3.002110e+06 	1.254410e+00 	3.009030e+06 	1.258081e+00 	
  3.013349e+06 	1.219468e+00 	3.015980e+06 	1.197572e+00 	3.022960e+06 	1.102900e+00 	
  3.036980e+06 	9.724245e-01 	3.044020e+06 	9.437001e-01 	3.051100e+06 	9.623596e-01 	
  3.058190e+06 	1.044864e+00 	3.072460e+06 	1.136062e+00 	3.077619e+06 	1.156466e+00 	
  3.079630e+06 	1.164420e+00 	3.086830e+06 	1.242095e+00 	3.101300e+06 	1.274133e+00 	
  3.108570e+06 	1.313505e+00 	3.115870e+06 	1.307786e+00 	3.123190e+06 	1.365310e+00 	
  3.137920e+06 	1.436086e+00 	3.152750e+06 	1.342250e+00 	3.160210e+06 	1.262827e+00 	
  3.176375e+06 	1.194567e+00 	3.179286e+06 	1.184796e+00 	3.180972e+06 	1.179501e+00 	
  3.182730e+06 	1.173981e+00 	3.184130e+06 	1.177571e+00 	3.197880e+06 	1.212830e+00 	
  3.200000e+06 	1.206846e+00 	3.213140e+06 	1.150037e+00 	3.228510e+06 	1.185849e+00 	
  3.236230e+06 	1.139844e+00 	3.259580e+06 	1.171494e+00 	3.275280e+06 	1.115718e+00 	
  3.291100e+06 	1.181209e+00 	3.306703e+06 	1.219137e+00 	3.307030e+06 	1.219932e+00 	
  3.312260e+06 	1.292978e+00 	3.315040e+06 	1.331805e+00 	3.331150e+06 	1.282426e+00 	
  3.339250e+06 	1.299492e+00 	3.347380e+06 	1.287547e+00 	3.363720e+06 	1.327659e+00 	
  3.371940e+06 	1.249745e+00 	3.380190e+06 	1.287625e+00 	3.400000e+06 	1.210027e+00 	
  3.405110e+06 	1.190011e+00 	3.413480e+06 	1.210206e+00 	3.427653e+06 	1.170071e+00 	
  3.430320e+06 	1.162519e+00 	3.430720e+06 	1.162075e+00 	3.447280e+06 	1.156497e+00 	
  3.449655e+06 	1.182288e+00 	3.455800e+06 	1.249047e+00 	3.460202e+06 	1.235035e+00 	
  3.472950e+06 	1.194459e+00 	3.481570e+06 	1.272215e+00 	3.498910e+06 	1.184137e+00 	
  3.500000e+06 	1.181862e+00 	3.507478e+06 	1.158157e+00 	3.507630e+06 	1.157735e+00 	
  3.510595e+06 	1.160940e+00 	3.515878e+06 	1.168894e+00 	3.516286e+06 	1.169508e+00 	
  3.600000e+06 	1.295538e+00 	3.665133e+06 	1.282211e+00 	3.670711e+06 	1.282916e+00 	
  3.675313e+06 	1.285060e+00 	3.700000e+06 	1.299316e+00 	3.800000e+06 	1.357066e+00 	
  3.811647e+06 	1.352149e+00 	3.823294e+06 	1.349677e+00 	3.827396e+06 	1.348822e+00 	
  3.898832e+06 	1.350649e+00 	3.900000e+06 	1.351045e+00 	3.926039e+06 	1.359881e+00 	
  4.000000e+06 	1.403909e+00 	4.100000e+06 	1.415502e+00 	4.121902e+06 	1.418042e+00 	
  4.150000e+06 	1.427643e+00 	4.159611e+06 	1.426478e+00 	4.174304e+06 	1.427287e+00 	
  4.194231e+06 	1.430064e+00 	4.200000e+06 	1.431777e+00 	4.300000e+06 	1.461472e+00 	
  4.375603e+06 	1.463100e+00 	4.379578e+06 	1.463576e+00 	4.397903e+06 	1.467214e+00 	
  4.400000e+06 	1.467975e+00 	4.446900e+06 	1.462553e+00 	4.474184e+06 	1.469161e+00 	
  4.480638e+06 	1.471686e+00 	4.500000e+06 	1.482886e+00 	4.527905e+06 	1.483862e+00 	
  4.538933e+06 	1.485097e+00 	4.590881e+06 	1.494937e+00 	4.600000e+06 	1.503895e+00 	
  4.621360e+06 	1.501544e+00 	4.636906e+06 	1.502075e+00 	4.691666e+06 	1.507729e+00 	
  4.693966e+06 	1.508304e+00 	4.700000e+06 	1.510239e+00 	4.703312e+06 	1.509405e+00 	
  4.742262e+06 	1.507668e+00 	4.757686e+06 	1.508940e+00 	4.800000e+06 	1.519273e+00 	
  4.900000e+06 	1.524114e+00 	5.000000e+06 	1.529031e+00 	5.200000e+06 	1.536907e+00 	
  5.400000e+06 	1.542150e+00 	5.500000e+06 	1.544078e+00 	5.700000e+06 	1.547032e+00 	
  6.000000e+06 	1.549293e+00 	6.300000e+06 	1.548374e+00 	6.500000e+06 	1.545633e+00 	
  6.700000e+06 	1.543068e+00 	7.000000e+06 	1.532657e+00 	7.250000e+06 	1.525809e+00 	
  7.500000e+06 	1.519582e+00 	8.000000e+06 	1.510143e+00 	8.500000e+06 	1.504147e+00 	
  9.000000e+06 	1.497379e+00 	9.500000e+06 	1.490451e+00 	1.000000e+07 	1.483571e+00 	
  1.050000e+07 	1.476797e+00 	1.100000e+07 	1.469735e+00 	1.125000e+07 	1.465145e+00 	
  1.139891e+07 	1.463035e+00 	1.150000e+07 	1.462074e+00 	1.180000e+07 	1.456621e+00 	
  1.200000e+07 	1.452789e+00 	1.222148e+07 	1.448064e+00 	1.250000e+07 	1.442123e+00 	
  1.280000e+07 	1.434707e+00 	1.300000e+07 	1.429227e+00 	1.320000e+07 	1.424884e+00 	
  1.340000e+07 	1.420030e+00 	1.350000e+07 	1.417420e+00 	1.370000e+07 	1.413530e+00 	
  1.390000e+07 	1.409150e+00 	1.400000e+07 	1.406649e+00 	1.420000e+07 	1.403561e+00 	
  1.450000e+07 	1.398017e+00 	1.500000e+07 	1.388808e+00 	1.600000e+07 	1.371501e+00 	
  1.650000e+07 	1.363415e+00 	1.800000e+07 	1.341199e+00 	1.900000e+07 	1.328885e+00 	
  2.000000e+07 	1.315380e+00 	2.100000e+07 	1.299058e+00 	2.200000e+07 	1.288203e+00 	
  2.400000e+07 	1.260654e+00 	2.570000e+07 	1.237677e+00 	2.800000e+07 	1.212619e+00 	
  3.000000e+07 	1.191296e+00 	3.200000e+07 	1.169255e+00 	3.400000e+07 	1.148638e+00 	
  3.600000e+07 	1.129299e+00 	3.800000e+07 	1.110283e+00 	4.000000e+07 	1.093481e+00 	
  4.500000e+07 	1.051554e+00 	5.000000e+07 	1.015696e+00 	5.250000e+07 	9.951312e-01 	
  5.500000e+07 	9.796620e-01 	6.000000e+07 	9.431796e-01 	6.500000e+07 	9.193850e-01 	
  7.000000e+07 	8.952142e-01 	7.500000e+07 	8.725032e-01 	8.000000e+07 	8.531940e-01 	
  9.000000e+07 	8.223010e-01 	9.600000e+07 	8.056574e-01 	1.000000e+08 	7.950708e-01 	
  1.100000e+08 	7.737571e-01 	1.200000e+08 	7.534347e-01 	1.250000e+08 	7.438909e-01 	
  1.300000e+08 	7.355135e-01 	1.400000e+08 	7.204038e-01 	1.500000e+08 	7.057193e-01 	
